id,track,speed,experiment
LD_N2_BL21,1,140.8212315020913,1
LD_N2_BL21,1,151.75237308672848,1
LD_N2_BL21,1,143.70057057951212,1
LD_N2_BL21,1,124.61314414499164,1
LD_N2_BL21,1,153.55971500433796,1
LD_N2_BL21,1,117.97485966866434,1
LD_N2_BL21,1,44.65362666329916,1
LD_N2_BL21,1,109.72925547253752,1
LD_N2_BL21,1,109.88565092475119,1
LD_N2_BL21,1,67.91298848670499,1
LD_N2_BL21,1,94.48926895593124,1
LD_N2_BL21,2,154.53563002035818,1
LD_N2_BL21,2,159.24001796246694,1
LD_N2_BL21,2,192.06950728230044,1
LD_N2_BL21,2,161.29770406374945,1
LD_N2_BL21,2,184.8527838283511,1
LD_N2_BL21,2,112.03217218408054,1
LD_N2_BL21,2,94.27907908417917,1
LD_N2_BL21,2,142.27477549356107,1
LD_N2_BL21,2,148.27946411962333,1
LD_N2_BL21,2,145.70181720785578,1
LD_N2_BL21,2,193.60888071698025,1
LD_N2_BL21,3,188.7300298968084,1
LD_N2_BL21,3,215.55522064232687,1
LD_N2_BL21,3,212.65555775145157,1
LD_N2_BL21,3,198.33402548950522,1
LD_N2_BL21,3,212.42782615773336,1
LD_N2_BL21,3,142.77875814994007,1
LD_N2_BL21,3,128.6750949297116,1
LD_N2_BL21,4,146.35937209441857,1
LD_N2_BL21,4,135.88994185773703,1
LD_N2_BL21,4,96.65314610159571,1
LD_N2_BL21,4,171.69086176490885,1
LD_N2_BL21,4,134.50047059565387,1
LD_N2_BL21,4,124.31687161906662,1
LD_N2_BL21,4,86.1203577750964,1
LD_N2_BL21,4,107.3547392113575,1
LD_N2_BL21,4,93.50684645660404,1
LD_N2_BL21,4,134.91536770353173,1
LD_N2_BL21,4,133.79229693819042,1
LD_N2_BL21,6,184.8359863913863,1
LD_N2_BL21,6,164.47887406211495,1
LD_N2_BL21,6,140.7549880347399,1
LD_N2_BL21,6,94.4933283685148,1
LD_N2_BL21,7,146.7512615769086,1
LD_N2_BL21,7,60.398575010173786,1
LD_N2_BL21,7,57.36911239992908,1
LD_N2_BL21,7,77.23329817070115,1
LD_N2_BL21,7,119.65592251892795,1
LD_N2_BL21,7,65.80355180678765,1
LD_N2_BL21,8,107.81145776750193,1
LD_N2_BL21,8,154.31817208505765,1
LD_N2_BL21,8,79.5078759578029,1
LD_N2_BL21,8,96.18068170286104,1
LD_N2_BL21,8,136.34037536740627,1
LD_N2_BL21,8,157.33029782248812,1
LD_N2_BL21,8,175.36310576012986,1
LD_N2_BL21,8,140.97502958194016,1
LD_N2_BL21,8,121.92819696036523,1
LD_N2_BL21,8,71.13943321545142,1
LD_N2_BL21,8,105.32981955805467,1
LD_N2_BL21,9,147.78212462510916,1
LD_N2_BL21,10,119.80105432988334,1
LD_N2_BL21,11,249.7150126932851,1
LD_N2_BL21,11,229.0939721628466,1
LD_N2_BL21,11,128.50035822108254,1
LD_N2_BL21,11,87.77323384575618,1
LD_N2_BL21,11,109.94905218829115,1
LD_N2_BL21,11,138.73860482042545,1
LD_N2_BL21,11,85.32530728743811,1
LD_N2_BL21,11,113.28198628474324,1
LD_N2_BL21,11,115.2811205806549,1
LD_N2_BL21,11,114.10418733514518,1
LD_N2_BL21,11,114.84716669039851,1
LD_N2_BL21,12,234.39917262513237,1
LD_N2_BL21,12,270.97038184788806,1
LD_N2_BL21,12,284.67910060992256,1
LD_N2_BL21,13,127.97078935350464,1
LD_N2_BL21,13,149.0487937859801,1
LD_N2_BL21,13,155.89839621017123,1
LD_N2_BL21,13,145.4476589883934,1
LD_N2_BL21,13,144.50856219093959,1
LD_N2_BL21,14,180.04096616643145,1
LD_N2_BL21,14,272.11695688266155,1
LD_N2_BL21,17,118.06915703763988,1
LD_N2_BL21,17,67.46765284063756,1
LD_N2_BL21,17,98.33665741535611,1
LD_N2_BL21,17,43.20466084117865,1
LD_N2_BL21,17,57.58585581725632,1
LD_N2_BL21,17,96.54589518227945,1
LD_N2_BL21,17,71.8729884066702,1
LD_N2_BL21,17,79.67540968396892,1
LD_N2_BL21,17,84.0769947887027,1
LD_N2_BL21,17,76.78975807955982,1
LD_N2_BL21,17,131.30736208310972,1
LD_N2_BL21,18,149.09813259419138,1
LD_N2_BL21,18,148.1513367099538,1
LD_N2_BL21,18,162.89216221139856,1
LD_N2_BL21,18,150.96604234711918,1
LD_N2_BL21,18,166.57595172928117,1
LD_N2_BL21,18,88.94564520777014,1
LD_N2_BL21,18,156.99473932804375,1
LD_N2_BL21,18,141.98764761220204,1
LD_N2_BL21,18,154.94938887440458,1
LD_N2_BL21,18,159.05980407156036,1
LD_N2_BL21,18,164.72229207956724,1
LD_N2_NGM,1,327.7565397632281,1
LD_N2_NGM,1,360.5211100952812,1
LD_N2_NGM,1,352.26768094897335,1
LD_N2_NGM,1,304.4907175002742,1
LD_N2_NGM,1,348.0885004215041,1
LD_N2_NGM,1,382.9699022315118,1
LD_N2_NGM,2,264.3856305670854,1
LD_N2_NGM,2,238.5025317668053,1
LD_N2_NGM,2,187.74167925297488,1
LD_N2_NGM,2,128.43119342062022,1
LD_N2_NGM,2,199.9698550295852,1
LD_N2_NGM,2,191.85362005438424,1
LD_N2_NGM,2,343.70630456447236,1
LD_N2_NGM,2,147.7345803835797,1
LD_N2_NGM,2,229.2855803750502,1
LD_N2_NGM,2,228.5808203472236,1
LD_N2_NGM,2,161.9600041604076,1
LD_N2_NGM,3,106.34480909486948,1
LD_N2_NGM,3,240.6636209437786,1
LD_N2_NGM,3,214.82250942809824,1
LD_N2_NGM,3,223.52153040091434,1
LD_N2_NGM,3,265.094208195737,1
LD_N2_NGM,3,217.78835618077278,1
LD_N2_NGM,3,236.6708320802924,1
LD_N2_NGM,3,244.0406457024921,1
LD_N2_NGM,3,255.123810786376,1
LD_N2_NGM,3,241.04573396282598,1
LD_N2_NGM,3,183.24210888014733,1
LD_N2_NGM,4,214.64559511603338,1
LD_N2_NGM,4,167.45574566497322,1
LD_N2_NGM,4,203.48213831475528,1
LD_N2_NGM,4,279.38321582883736,1
LD_N2_NGM,5,342.8436893566835,1
LD_N2_NGM,5,203.14224556936716,1
LD_N2_NGM,5,227.88307462329584,1
LD_N2_NGM,5,246.3705969915195,1
LD_N2_NGM,5,306.8452282641846,1
LD_N2_NGM,5,244.9132434209675,1
LD_N2_NGM,5,259.119652539016,1
LD_N2_NGM,5,273.14829990059184,1
LD_N2_NGM,5,257.20293522739723,1
LD_N2_NGM,5,314.14717723231195,1
LD_N2_NGM,5,266.9085415565956,1
LD_N2_NGM,6,207.5789338471292,1
LD_N2_NGM,6,242.15416303867852,1
LD_N2_NGM,6,218.31175563667415,1
LD_N2_NGM,7,176.25148739808037,1
LD_N2_NGM,7,200.83511521037647,1
LD_N2_NGM,7,203.48732397364444,1
LD_N2_NGM,7,204.44404388092016,1
LD_N2_NGM,7,206.14247906508382,1
LD_N2_NGM,7,202.6374789158077,1
LD_N2_NGM,7,165.14480139280573,1
LD_N2_NGM,8,293.63399722280434,1
LD_N2_NGM,8,294.083309596905,1
LD_N2_NGM,8,232.27499802166676,1
LD_N2_NGM,8,375.32980553464506,1
LD_N2_NGM,8,278.3016427071178,1
LD_N2_NGM,8,274.8732669335533,1
LD_N2_NGM,9,147.3774190685439,1
LD_N2_NGM,9,218.07372010190366,1
LD_N2_NGM,9,323.713622304782,1
LD_N2_NGM,9,228.4023155336149,1
LD_N2_NGM,9,306.7298043498614,1
LD_N2_NGM,9,261.21646112387623,1
LD_N2_NGM,10,192.35947446645292,1
LD_N2_NGM,10,187.19200613551268,1
LD_N2_NGM,10,224.6419144154018,1
LD_N2_NGM,10,172.2150306579308,1
LD_N2_NGM,10,238.56770597933695,1
LD_N2_NGM,10,275.91823218917017,1
LD_N2_NGM,10,254.47433948607824,1
LD_N2_NGM,10,338.37708065134836,1
LD_N2_NGM,10,181.91676073155938,1
LD_N2_NGM,10,292.58310850767873,1
LD_N2_NGM,10,208.9656295471189,1
LD_N2_NGM,11,229.47631079139063,1
LD_N2_NGM,11,181.93944571570452,1
LD_N2_NGM,11,186.77014014608113,1
LD_N2_NGM,11,215.09461845440313,1
LD_N2_NGM,11,94.78183168373306,1
LD_N2_NGM,11,172.90318301640758,1
LD_N2_NGM,11,116.42036660768026,1
LD_N2_NGM,11,103.75636486648159,1
LD_N2_NGM,11,89.71603355272563,1
LD_N2_NGM,11,122.91027136705193,1
LD_N2_NGM,11,101.32776590912091,1
LD_CB_BL21,1,177.898216384824,1
LD_CB_BL21,1,141.91076838889734,1
LD_CB_BL21,1,261.2321968783087,1
LD_CB_BL21,1,127.34589696907076,1
LD_CB_BL21,1,86.29883260781853,1
LD_CB_BL21,1,106.19438281661353,1
LD_CB_BL21,1,81.92192501908286,1
LD_CB_BL21,2,209.42991354376787,1
LD_CB_BL21,2,208.38762634645514,1
LD_CB_BL21,2,243.27878259194534,1
LD_CB_BL21,2,227.7711123920764,1
LD_CB_BL21,2,234.74490356790548,1
LD_CB_BL21,2,244.5334820151464,1
LD_CB_BL21,2,250.1902491873008,1
LD_CB_BL21,2,248.2742158534746,1
LD_CB_BL21,3,244.24108677192498,1
LD_CB_BL21,3,286.7627618349434,1
LD_CB_BL21,3,342.0460300532686,1
LD_CB_BL21,3,212.2460184571813,1
LD_CB_BL21,3,227.3369126779015,1
LD_CB_BL21,3,149.95429433413665,1
LD_CB_BL21,3,216.31081149687725,1
LD_CB_BL21,3,205.87046441475263,1
LD_CB_BL21,3,287.4394620224976,1
LD_CB_BL21,3,164.32031118849574,1
LD_CB_BL21,3,380.5911601070762,1
LD_CB_BL21,4,182.94697003916184,1
LD_CB_BL21,4,146.18652997861025,1
LD_CB_BL21,4,64.63067568724364,1
LD_CB_BL21,4,93.3800927084741,1
LD_CB_BL21,4,141.40322225158042,1
LD_CB_BL21,4,111.34689918454922,1
LD_CB_BL21,4,81.67841543394006,1
LD_CB_BL21,4,206.45101803495146,1
LD_CB_BL21,5,167.36278963409615,1
LD_CB_BL21,5,284.8819951032925,1
LD_CB_BL21,5,86.6620008698882,1
LD_CB_BL21,5,156.1464487538145,1
LD_CB_BL21,5,139.36970858343233,1
LD_CB_BL21,5,98.25156261421266,1
LD_CB_BL21,5,115.24695733965227,1
LD_CB_BL21,5,89.24746783298679,1
LD_CB_BL21,5,85.72271880537198,1
LD_CB_BL21,5,90.64586208966666,1
LD_CB_BL21,5,178.52517078170763,1
LD_CB_BL21,6,99.49988567280366,1
LD_CB_BL21,6,111.18708792745274,1
LD_CB_BL21,6,80.62989436564673,1
LD_CB_BL21,6,126.79673682938005,1
LD_CB_BL21,6,115.78574498787198,1
LD_CB_BL21,6,98.29557684112146,1
LD_CB_BL21,6,103.61143031229483,1
LD_CB_BL21,6,89.70392537633423,1
LD_CB_BL21,6,113.22591249708962,1
LD_CB_BL21,6,130.66415292121974,1
LD_CB_BL21,6,148.60117059597746,1
LD_CB_BL21,7,86.55869731460128,1
LD_CB_BL21,7,141.22602742100764,1
LD_CB_BL21,7,190.7035741431968,1
LD_CB_BL21,7,205.26053584070274,1
LD_CB_BL21,7,168.38340543450525,1
LD_CB_BL21,7,95.93332225609457,1
LD_CB_BL21,7,130.30361786370827,1
LD_CB_BL21,7,126.45349372382239,1
LD_CB_BL21,7,146.9407839234842,1
LD_CB_BL21,7,167.04400344621575,1
LD_CB_BL21,8,99.76215586453672,1
LD_CB_BL21,8,57.57982888598083,1
LD_CB_BL21,9,168.72246294592932,1
LD_CB_BL21,9,195.33556050212297,1
LD_CB_BL21,9,175.34323941262573,1
LD_CB_BL21,9,158.47086455311847,1
LD_CB_BL21,9,150.95635439496965,1
LD_CB_BL21,9,200.16017636640498,1
LD_CB_BL21,9,206.60587577664356,1
LD_CB_BL21,9,124.76145047938914,1
LD_CB_BL21,9,162.1536251364484,1
LD_CB_BL21,9,173.32650565202067,1
LD_CB_BL21,9,195.82640054214193,1
LD_CB_BL21,10,166.652574467016,1
LD_CB_BL21,10,133.11590641040675,1
LD_CB_BL21,10,123.02702030626138,1
LD_CB_BL21,10,181.28463170924846,1
LD_CB_BL21,10,108.86523847321268,1
LD_CB_BL21,10,79.64593893591422,1
LD_CB_BL21,10,39.04942632016795,1
LD_CB_BL21,10,82.98951685474348,1
LD_CB_BL21,10,59.457509878599794,1
LD_CB_BL21,10,38.47720671148189,1
LD_CB_BL21,10,62.047305288896645,1
LD_CB_BL21,11,56.27431989303339,1
LD_CB_BL21,11,122.04430584282963,1
LD_CB_BL21,11,157.10736760072388,1
LD_CB_BL21,11,265.6415372035315,1
LD_CB_BL21,11,260.99309169486935,1
LD_CB_BL21,11,201.6177333535059,1
LD_CB_BL21,11,120.55110564577471,1
LD_CB_BL21,11,88.54410568463132,1
LD_CB_BL21,11,104.2937936447411,1
LD_CB_BL21,11,71.60995349686151,1
LD_CB_BL21,11,100.77451919586139,1
LD_CB_NGM,1,317.6109359176503,1
LD_CB_NGM,1,315.8212659732857,1
LD_CB_NGM,1,257.4076247345926,1
LD_CB_NGM,1,297.58321406157876,1
LD_CB_NGM,1,302.84552473262517,1
LD_CB_NGM,1,312.12844847624183,1
LD_CB_NGM,1,319.20138137852246,1
LD_CB_NGM,1,325.0683839341312,1
LD_CB_NGM,1,233.0077387484132,1
LD_CB_NGM,1,228.72998195807003,1
LD_CB_NGM,1,164.70927212057228,1
LD_CB_NGM,2,366.9064854736574,1
LD_CB_NGM,2,288.641737749693,1
LD_CB_NGM,4,158.97290134869533,1
LD_CB_NGM,4,144.21761779346562,1
LD_CB_NGM,4,99.02656344003051,1
LD_CB_NGM,4,123.4905256121156,1
LD_CB_NGM,4,134.0383385874846,1
LD_CB_NGM,4,119.64192036823984,1
LD_CB_NGM,4,111.7474502492511,1
LD_CB_NGM,4,149.09175499092166,1
LD_CB_NGM,4,188.3404178960064,1
LD_CB_NGM,4,177.0454473803208,1
LD_CB_NGM,5,204.63412913572628,1
LD_CB_NGM,5,358.0485242346462,1
LD_CB_NGM,5,336.1495926653847,1
LD_CB_NGM,5,179.14171110502207,1
LD_CB_NGM,6,120.6224240670434,1
LD_CB_NGM,6,187.82351770311993,1
LD_CB_NGM,6,205.30175974428238,1
LD_CB_NGM,6,293.8830342185895,1
LD_CB_NGM,6,170.5939885267101,1
LD_CB_NGM,6,206.11359119091648,1
LD_CB_NGM,6,203.68412016583184,1
LD_CB_NGM,6,221.77837659176194,1
LD_CB_NGM,6,137.81557433780375,1
LD_CB_NGM,6,229.96581743490688,1
LD_CB_NGM,6,87.8547286920144,1
LD_CB_NGM,7,220.30340356391193,1
LD_CB_NGM,7,162.54682005501874,1
LD_CB_NGM,7,203.4733135989124,1
LD_CB_NGM,7,152.13300199867277,1
LD_CB_NGM,7,123.40327805791817,1
LD_CB_NGM,7,139.95855506302104,1
LD_CB_NGM,7,186.82746487225785,1
LD_CB_NGM,8,276.8519788723922,1
LD_CB_NGM,8,245.8960981368663,1
LD_CB_NGM,8,167.37182989754857,1
LD_CB_NGM,8,257.6289603171714,1
LD_CB_NGM,8,308.3643297425443,1
LD_CB_NGM,8,283.09542179587777,1
LD_CB_NGM,8,124.04594769145406,1
LD_CB_NGM,8,120.30998747439473,1
LD_CB_NGM,8,133.10220731344805,1
LD_CB_NGM,8,105.63725606366052,1
LD_CB_NGM,8,94.12492235042306,1
LD_CB_NGM,9,224.20939440153757,1
LD_CB_NGM,9,227.61988655993846,1
LD_CB_NGM,9,192.78902550636874,1
LD_CB_NGM,9,287.83614263922334,1
LD_CB_NGM,9,348.998035995009,1
LD_CB_NGM,9,185.41869209561156,1
LD_CB_NGM,9,313.83042648552635,1
LD_CB_NGM,9,361.17650799366857,1
LD_CB_NGM,9,249.96423140611722,1
LD_CB_NGM,9,230.59381957994123,1
LD_CB_NGM,9,218.99941744434963,1
LD_CB_NGM,10,301.72958153833514,1
LD_CB_NGM,10,311.4998773014915,1
LD_CB_NGM,10,200.3592270671937,1
LD_CB_NGM,10,200.41338419573282,1
LD_CB_NGM,10,251.68384817122023,1
LD_CB_NGM,10,194.68993732581566,1
LD_CB_NGM,11,154.7437963600887,1
LD_CB_NGM,11,171.9783092271116,1
LD_CB_NGM,11,139.98102370404325,1
LD_CB_NGM,11,150.93296585473462,1
LD_CB_NGM,11,154.98522007235232,1
LD_CB_NGM,11,146.00218658859768,1
LD_CB_NGM,11,134.78401104948384,1
LD_CB_NGM,11,154.3857572227585,1
LD_CB_NGM,11,151.67107599085702,1
LD_CB_NGM,11,144.63266995033422,1
LD_CB_NGM,11,150.49737915671798,1
LD_CB_NGM,12,114.67560426677005,1
LD_MT_BL21,1,113.43503541006483,1
LD_MT_BL21,1,129.95047373595594,1
LD_MT_BL21,1,212.18414905128944,1
LD_MT_BL21,1,160.03455508100637,1
LD_MT_BL21,1,143.84843475157754,1
LD_MT_BL21,1,205.61810910901713,1
LD_MT_BL21,1,237.71113878269995,1
LD_MT_BL21,1,218.31156865636117,1
LD_MT_BL21,1,190.73786025277633,1
LD_MT_BL21,1,155.15875787143932,1
LD_MT_BL21,1,182.9188979223633,1
LD_MT_BL21,2,76.43114965254371,1
LD_MT_BL21,2,96.04396103605467,1
LD_MT_BL21,2,94.43236082409776,1
LD_MT_BL21,2,81.02221619635262,1
LD_MT_BL21,2,43.464148766790316,1
LD_MT_BL21,2,50.43772895458082,1
LD_MT_BL21,2,44.83622221740352,1
LD_MT_BL21,2,30.658793645039037,1
LD_MT_BL21,2,45.863954613024966,1
LD_MT_BL21,2,62.56641441479305,1
LD_MT_BL21,2,55.31584475529729,1
LD_MT_BL21,3,174.93498769559852,1
LD_MT_BL21,3,159.94012070799502,1
LD_MT_BL21,3,153.23776057387397,1
LD_MT_BL21,3,217.9543653508456,1
LD_MT_BL21,3,160.83428306884767,1
LD_MT_BL21,3,109.64059135719894,1
LD_MT_BL21,3,284.1934181453997,1
LD_MT_BL21,3,246.94695637097038,1
LD_MT_BL21,3,182.14740837565165,1
LD_MT_BL21,3,127.24371276688859,1
LD_MT_BL21,3,115.39854533885678,1
LD_MT_BL21,4,198.1601836971133,1
LD_MT_BL21,4,100.19132882251321,1
LD_MT_BL21,4,197.86467365488664,1
LD_MT_BL21,5,212.84359644958403,1
LD_MT_BL21,5,224.79640287978765,1
LD_MT_BL21,6,56.5684030513832,1
LD_MT_BL21,6,198.40586206456265,1
LD_MT_BL21,6,178.7445263484667,1
LD_MT_BL21,6,220.47095832046224,1
LD_MT_BL21,6,196.9999201847108,1
LD_MT_BL21,6,296.24842484886324,1
LD_MT_BL21,6,257.53791614088493,1
LD_MT_BL21,6,184.44538000720544,1
LD_MT_BL21,6,224.83351214795348,1
LD_MT_BL21,6,209.10947945660246,1
LD_MT_BL21,6,251.9665066905597,1
LD_MT_BL21,7,320.28712195722363,1
LD_MT_BL21,7,306.2195612465038,1
LD_MT_BL21,7,305.92423102040345,1
LD_MT_BL21,7,221.25117667771724,1
LD_MT_BL21,7,119.93718626018767,1
LD_MT_BL21,7,157.88526878754033,1
LD_MT_BL21,7,155.69363420432597,1
LD_MT_BL21,7,163.28818229394398,1
LD_MT_BL21,7,281.180486110698,1
LD_MT_BL21,7,131.92169817140416,1
LD_MT_BL21,7,140.16439722684513,1
LD_MT_BL21,8,289.60148863753415,1
LD_MT_BL21,8,227.73077183505652,1
LD_MT_BL21,8,228.75148966395082,1
LD_MT_BL21,8,220.54550965209222,1
LD_MT_BL21,8,141.34805696168146,1
LD_MT_BL21,8,276.22527809444375,1
LD_MT_BL21,8,282.4427416039291,1
LD_MT_BL21,8,231.23201149397914,1
LD_MT_BL21,8,235.9652160194824,1
LD_MT_BL21,8,251.31243469918303,1
LD_MT_BL21,9,160.12825181940383,1
LD_MT_BL21,10,40.3266058996966,1
LD_MT_BL21,10,140.7579572591983,1
LD_MT_BL21,10,62.80209678140507,1
LD_MT_BL21,10,72.08064248012826,1
LD_MT_BL21,10,50.62835677843019,1
LD_MT_BL21,10,58.24213330723082,1
LD_MT_BL21,10,11.890999717516143,1
LD_MT_BL21,10,27.255174702386682,1
LD_MT_BL21,10,33.46232824871053,1
LD_MT_BL21,11,248.6444950381502,1
LD_MT_BL21,11,244.24168878954933,1
LD_MT_BL21,11,274.3763821667651,1
LD_MT_BL21,11,254.2290447265147,1
LD_MT_BL21,11,183.4830455790775,1
LD_MT_BL21,11,229.4532763375944,1
LD_MT_BL21,11,250.74702240024112,1
LD_MT_BL21,11,232.4802842200298,1
LD_MT_BL21,11,220.0876288735548,1
LD_MT_BL21,13,127.02528228861824,1
LD_MT_BL21,13,115.39953108696868,1
LD_MT_BL21,13,110.21974887833503,1
LD_MT_BL21,13,161.98352115889907,1
LD_MT_BL21,13,134.82998878104735,1
LD_MT_BL21,14,133.07779703361217,1
LD_MT_BL21,14,134.86909254223423,1
LD_MT_BL21,14,246.57865233917013,1
LD_MT_BL21,14,184.5453113229696,1
LD_MT_BL21,14,133.2337492370392,1
LD_MT_NGM,1,104.56376506013183,1
LD_MT_NGM,2,230.7184433748022,1
LD_MT_NGM,2,188.46506577344928,1
LD_MT_NGM,2,228.81381167222997,1
LD_MT_NGM,2,176.99674139143798,1
LD_MT_NGM,2,135.0646589504276,1
LD_MT_NGM,2,184.6397349964837,1
LD_MT_NGM,2,162.38648607355577,1
LD_MT_NGM,2,106.84979554409983,1
LD_MT_NGM,3,262.20623398911823,1
LD_MT_NGM,3,272.5622308120222,1
LD_MT_NGM,3,284.98239718912663,1
LD_MT_NGM,3,187.20969659542158,1
LD_MT_NGM,3,270.40939502681897,1
LD_MT_NGM,3,267.69745658887075,1
LD_MT_NGM,3,222.9382135905777,1
LD_MT_NGM,3,177.59104332061185,1
LD_MT_NGM,4,318.7193373975988,1
LD_MT_NGM,4,207.78764460474582,1
LD_MT_NGM,4,127.09155020042321,1
LD_MT_NGM,4,168.1078070826731,1
LD_MT_NGM,4,97.33096368542631,1
LD_MT_NGM,4,166.1539100041084,1
LD_MT_NGM,4,188.35317148028216,1
LD_MT_NGM,4,113.23123402738163,1
LD_MT_NGM,4,131.62336175255155,1
LD_MT_NGM,4,135.05397162047137,1
LD_MT_NGM,5,292.68244066347086,1
LD_MT_NGM,5,214.90742811084237,1
LD_MT_NGM,5,233.06544319020267,1
LD_MT_NGM,6,111.06041227565666,1
LD_MT_NGM,6,80.23058378567173,1
LD_MT_NGM,6,133.79319382683016,1
LD_MT_NGM,6,131.96359576308194,1
LD_MT_NGM,6,131.86460901477344,1
LD_MT_NGM,6,164.5948075369244,1
LD_MT_NGM,6,118.91319535659576,1
LD_MT_NGM,6,119.53321885281689,1
LD_MT_NGM,6,106.7092843582283,1
LD_MT_NGM,6,108.91152833004821,1
LD_MT_NGM,6,114.87946436583233,1
LD_MT_NGM,7,431.36632561817606,1
LD_MT_NGM,7,403.0745134269916,1
LD_MT_NGM,7,338.51871055553335,1
LD_MT_NGM,7,228.88245383972222,1
LD_MT_NGM,8,113.75813726524049,1
LD_MT_NGM,8,282.7754321921091,1
LD_MT_NGM,8,271.41702707803273,1
LD_MT_NGM,8,229.16120718786584,1
LD_MT_NGM,8,126.12943860098419,1
LD_MT_NGM,8,114.54956727110974,1
LD_MT_NGM,8,161.47372155557244,1
LD_MT_NGM,8,76.54823527333767,1
LD_MT_NGM,8,106.59635967485963,1
LD_MT_NGM,8,132.31984701164816,1
LD_MT_NGM,8,186.25284331880465,1
LD_MT_NGM,9,142.11150293353745,1
LD_MT_NGM,9,115.88283115511331,1
LD_MT_NGM,9,133.11348666477332,1
LD_MT_NGM,9,87.04487513367863,1
LD_MT_NGM,9,144.9787014038208,1
LD_MT_NGM,9,134.94335591557888,1
LD_MT_NGM,9,79.43439020627099,1
LD_MT_NGM,9,48.999114811042915,1
LD_MT_NGM,9,94.01966712152276,1
LD_MT_NGM,9,62.11936281607204,1
LD_MT_NGM,9,53.47506648244348,1
LD_MT_NGM,11,197.70180884396075,1
LD_MT_NGM,13,132.6470860164542,1
LD_MT_NGM,13,283.35205208096556,1
LD_MT_NGM,13,100.69632920651637,1
LD_MT_NGM,13,71.41360582117076,1
LD_MT_NGM,13,54.513387064468404,1
LD_MT_NGM,13,38.1737292987714,1
LD_MT_NGM,13,36.269083668669694,1
LD_MT_NGM,13,49.69210505771975,1
LD_MT_NGM,13,59.43961437010289,1
LD_MT_NGM,13,95.7541028159039,1
LD_MT_NGM,13,130.45343098538189,1
LD_MT_NGM,14,182.08756318278228,1
LD_MT_NGM,14,94.1726976052892,1
LD_MT_NGM,14,130.0937806242178,1
LD_MT_NGM,14,142.96171780593582,1
LD_MT_NGM,14,166.2001553816339,1
LD_MT_NGM,14,150.7973437593771,1
LD_MT_NGM,14,119.92198827808222,1
LD_MT_NGM,14,156.25751042573185,1
LD_MT_NGM,14,172.40476742613924,1
LD_MT_NGM,14,169.25426855551117,1
LD_MT_NGM,15,309.5460303466968,1
LD_MT_NGM,15,263.9757487682248,1
LD_MT_NGM,15,208.39597500803794,1
LD_MT_NGM,15,211.32458678674493,1
LD_MT_NGM,15,223.54362845717887,1
LD_MT_NGM,15,269.16309538958546,1
LD_MT_NGM,15,198.87413041109448,1
LD_MT_NGM,15,266.15563565855985,1
LD_MT_NGM,15,361.6602293435052,1
LD_MT_NGM,15,248.67217309050238,1
LD_MT_NGM,16,46.24517174623494,1
LD_MT_NGM,16,111.49941790211533,1
LD_MT_NGM,16,198.29008370974492,1
LD_MT_NGM,16,152.678083037546,1
LD_MT_NGM,16,73.62252236608174,1
LD_MT_NGM,16,114.27278320101718,1
LD_MT_NGM,16,54.39264030137785,1
LD_MT_NGM,16,179.8919597651517,1
LD_MT_NGM,16,182.61912622809365,1
LD_MT_NGM,16,156.26528616600552,1
LD_MT_NGM,16,31.533514446484844,1
M9_N2_BL21,1,246.2267612248078,1
M9_N2_BL21,1,248.64650374214807,1
M9_N2_BL21,1,201.08207402451413,1
M9_N2_BL21,1,206.8277801087457,1
M9_N2_BL21,1,271.3278146493778,1
M9_N2_BL21,1,270.5064533666813,1
M9_N2_BL21,1,270.8751878931023,1
M9_N2_BL21,1,204.71925895744488,1
M9_N2_BL21,1,178.21950377331262,1
M9_N2_BL21,1,178.14441890562892,1
M9_N2_BL21,1,213.15594038064674,1
M9_N2_BL21,2,340.40528215694667,1
M9_N2_BL21,2,299.95736724528973,1
M9_N2_BL21,3,193.5853306577957,1
M9_N2_BL21,3,146.70848704501861,1
M9_N2_BL21,3,242.85798730972238,1
M9_N2_BL21,3,140.36777723474637,1
M9_N2_BL21,3,107.19214582599443,1
M9_N2_BL21,3,138.35709143373907,1
M9_N2_BL21,3,145.96631819603007,1
M9_N2_BL21,3,211.79092114981268,1
M9_N2_BL21,3,186.45342125029617,1
M9_N2_BL21,3,200.92717471118718,1
M9_N2_BL21,3,205.62410624935296,1
M9_N2_BL21,4,204.90267204766047,1
M9_N2_BL21,4,164.20217315723986,1
M9_N2_BL21,4,197.44535284926138,1
M9_N2_BL21,4,184.10575386912151,1
M9_N2_BL21,5,176.2242845465317,1
M9_N2_BL21,6,165.2822229940177,1
M9_N2_BL21,6,98.92733529841027,1
M9_N2_BL21,6,161.50116480275952,1
M9_N2_BL21,6,87.47222339457603,1
M9_N2_BL21,6,105.51879010492696,1
M9_N2_BL21,6,69.15475257478921,1
M9_N2_BL21,6,148.63138481133862,1
M9_N2_BL21,6,108.36141713728212,1
M9_N2_BL21,6,105.92147860255525,1
M9_N2_BL21,6,103.31082374445745,1
M9_N2_BL21,7,144.37228449286602,1
M9_N2_BL21,7,68.29185405549566,1
M9_N2_BL21,7,36.965229645266774,1
M9_N2_BL21,7,56.01234733711326,1
M9_N2_BL21,7,69.22001885691063,1
M9_N2_BL21,7,94.85041926102319,1
M9_N2_BL21,7,135.91388108213928,1
M9_N2_BL21,8,315.2015637611445,1
M9_N2_BL21,8,223.22997346045486,1
M9_N2_BL21,8,255.82340005095676,1
M9_N2_BL21,8,251.78049602259176,1
M9_N2_BL21,8,216.06855628968393,1
M9_N2_BL21,8,156.50262887459166,1
M9_N2_BL21,8,232.46733885987697,1
M9_N2_BL21,8,306.9470640288037,1
M9_N2_BL21,8,202.86886946394912,1
M9_N2_BL21,8,143.43568273517013,1
M9_N2_BL21,8,156.38034189961655,1
M9_N2_BL21,8,193.10344710891837,1
M9_N2_BL21,9,148.88092873627303,1
M9_N2_BL21,9,111.36437982194823,1
M9_N2_BL21,9,120.63641945031252,1
M9_N2_BL21,9,213.98613564241563,1
M9_N2_BL21,9,118.04388451827246,1
M9_N2_BL21,9,178.02941665728926,1
M9_N2_BL21,9,175.10598660234987,1
M9_N2_BL21,9,159.58545168309587,1
M9_N2_BL21,9,94.33112891574712,1
M9_N2_BL21,9,100.18275275130229,1
M9_N2_BL21,9,109.67426750190864,1
M9_N2_BL21,10,267.36308429433734,1
M9_N2_BL21,10,260.47290219517305,1
M9_N2_BL21,10,249.30419495457454,1
M9_N2_BL21,10,218.30418432591637,1
M9_N2_BL21,10,195.74547138141506,1
M9_N2_BL21,10,169.05508583062232,1
M9_N2_BL21,10,212.33976469891405,1
M9_N2_BL21,10,127.797989055638,1
M9_N2_BL21,10,227.5477671830046,1
M9_N2_BL21,10,101.00415705626808,1
M9_N2_BL21,10,112.34912836171615,1
M9_N2_BL21,11,238.9415837114565,1
M9_N2_BL21,11,226.1293071570273,1
M9_N2_BL21,11,212.0937845440063,1
M9_N2_BL21,11,135.62327667320045,1
M9_N2_BL21,11,181.9150804048687,1
M9_N2_BL21,11,179.33633662297947,1
M9_N2_BL21,11,108.48340163940729,1
M9_N2_BL21,11,173.5185411375518,1
M9_N2_BL21,11,235.00990077899178,1
M9_N2_BL21,11,168.13692980593888,1
M9_N2_BL21,11,196.7078828786351,1
M9_N2_BL21,12,155.22507298683436,1
M9_N2_BL21,12,98.54602550372044,1
M9_N2_BL21,12,161.27907902651606,1
M9_N2_BL21,12,115.48571362198258,1
M9_N2_BL21,12,128.66624702331114,1
M9_N2_BL21,12,147.28452335482433,1
M9_N2_BL21,12,154.93357495552533,1
M9_N2_BL21,12,180.21281388448946,1
M9_N2_BL21,12,151.18618090671535,1
M9_N2_BL21,12,188.14778328188538,1
M9_N2_BL21,12,228.84169184078473,1
M9_N2_BL21,13,158.1703409581191,1
M9_N2_BL21,13,99.24454098490625,1
M9_N2_BL21,13,143.09823325814895,1
M9_N2_BL21,13,127.23002846698924,1
M9_N2_BL21,13,180.29742862371944,1
M9_N2_BL21,13,88.15308093315244,1
M9_N2_BL21,13,162.07299494608682,1
M9_N2_BL21,13,141.52531373828253,1
M9_N2_BL21,13,248.66184508120622,1
M9_N2_BL21,13,191.9067955888918,1
M9_N2_BL21,13,158.80254842163342,1
M9_N2_NGM,1,281.9578151167069,1
M9_N2_NGM,1,248.88746693487215,1
M9_N2_NGM,2,405.3499650147041,1
M9_N2_NGM,2,394.4526748400314,1
M9_N2_NGM,2,391.50930754557436,1
M9_N2_NGM,2,384.3113315175633,1
M9_N2_NGM,2,428.1257566595276,1
M9_N2_NGM,2,357.615354932948,1
M9_N2_NGM,2,388.2755919451158,1
M9_N2_NGM,2,366.08797628118987,1
M9_N2_NGM,2,425.1816357987468,1
M9_N2_NGM,2,257.9616272884974,1
M9_N2_NGM,2,290.82268590339856,1
M9_N2_NGM,3,212.3761270358187,1
M9_N2_NGM,3,254.64126386346152,1
M9_N2_NGM,3,141.60036501369154,1
M9_N2_NGM,3,144.623921403132,1
M9_N2_NGM,3,163.52571329979892,1
M9_N2_NGM,3,109.16647809948677,1
M9_N2_NGM,3,267.4975307544365,1
M9_N2_NGM,3,225.6507349016769,1
M9_N2_NGM,3,256.9387546679705,1
M9_N2_NGM,3,249.80326137991597,1
M9_N2_NGM,3,278.7211711291882,1
M9_N2_NGM,4,335.85548097844355,1
M9_N2_NGM,4,411.0152123382107,1
M9_N2_NGM,4,277.9358642613498,1
M9_N2_NGM,6,242.81594077908684,1
M9_N2_NGM,6,226.83145971228618,1
M9_N2_NGM,6,216.52670812680896,1
M9_N2_NGM,6,285.55377117982334,1
M9_N2_NGM,6,233.2266936083759,1
M9_N2_NGM,6,195.21216877418468,1
M9_N2_NGM,6,246.3908521893872,1
M9_N2_NGM,6,266.6173220806589,1
M9_N2_NGM,6,275.26026547059394,1
M9_N2_NGM,6,280.64348387354715,1
M9_N2_NGM,6,201.51254552936362,1
M9_N2_NGM,7,326.63308096691856,1
M9_N2_NGM,7,407.794814183059,1
M9_N2_NGM,8,303.67608825490527,1
M9_N2_NGM,8,293.25064029019785,1
M9_N2_NGM,8,267.04505093966236,1
M9_N2_NGM,8,203.9466787172782,1
M9_N2_NGM,8,326.9368742386588,1
M9_N2_NGM,8,187.2300144257502,1
M9_N2_NGM,8,263.9538582851093,1
M9_N2_NGM,9,310.80360872733957,1
M9_N2_NGM,9,307.48162683136195,1
M9_N2_NGM,9,266.9149591035747,1
M9_N2_NGM,10,359.46812892910503,1
M9_N2_NGM,10,331.7051455483894,1
M9_N2_NGM,11,390.32457425433597,1
M9_N2_NGM,13,324.9094700103326,1
M9_N2_NGM,14,282.0937564200657,1
M9_N2_NGM,14,304.3100654376716,1
M9_N2_NGM,14,227.75863955734877,1
M9_N2_NGM,14,350.2043368075542,1
M9_N2_NGM,14,252.3291057160237,1
M9_N2_NGM,14,322.4693468417853,1
M9_N2_NGM,14,379.86302140265207,1
M9_N2_NGM,14,312.84624502882315,1
M9_N2_NGM,14,308.661048408426,1
M9_N2_NGM,14,271.17985128439716,1
M9_N2_NGM,14,237.88934095449713,1
M9_N2_NGM,15,244.11414838360247,1
M9_N2_NGM,15,142.26827833449494,1
M9_N2_NGM,15,237.34403893027766,1
M9_N2_NGM,15,364.3741395159359,1
M9_N2_NGM,15,207.88573501580055,1
M9_N2_NGM,15,300.44419682193967,1
M9_N2_NGM,15,282.68995698898675,1
M9_N2_NGM,15,314.5692824353419,1
M9_N2_NGM,15,338.9364496732188,1
M9_N2_NGM,15,285.37977377345334,1
M9_N2_NGM,15,179.10911081563353,1
M9_N2_NGM,16,264.9225136045348,1
M9_N2_NGM,16,253.83976758282688,1
M9_N2_NGM,16,267.69915307042294,1
M9_N2_NGM,16,282.90498718327467,1
M9_N2_NGM,16,275.0006256771509,1
M9_N2_NGM,16,299.74376642305964,1
M9_N2_NGM,16,246.4528004356088,1
M9_N2_NGM,16,274.72562819835207,1
M9_N2_NGM,16,192.58442877905404,1
M9_N2_NGM,16,376.5680967674487,1
M9_N2_NGM,16,299.24944726369847,1
M9_N2_NGM,17,298.32943474656315,1
M9_N2_NGM,17,250.00820474794645,1
M9_N2_NGM,17,225.63906144537697,1
M9_N2_NGM,17,260.8851771922432,1
M9_N2_NGM,17,237.80834035924127,1
M9_N2_NGM,17,215.33754774265782,1
M9_N2_NGM,17,203.576009857606,1
M9_N2_NGM,17,256.37671819976765,1
M9_N2_NGM,17,236.3911394766955,1
M9_N2_NGM,17,308.9178930939291,1
M9_N2_NGM,17,314.44887563806174,1
M9_N2_NGM,18,141.52778248093668,1
M9_N2_NGM,18,268.1442664804375,1
M9_N2_NGM,18,332.4806436483701,1
M9_N2_NGM,19,214.480985290673,1
M9_CB_BL21,1,165.45184535606822,1
M9_CB_BL21,1,122.23065322657582,1
M9_CB_BL21,1,152.75832237837574,1
M9_CB_BL21,1,152.72585775343723,1
M9_CB_BL21,1,94.50358316012289,1
M9_CB_BL21,1,160.48638320040368,1
M9_CB_BL21,1,151.58872175709317,1
M9_CB_BL21,1,125.23959669860037,1
M9_CB_BL21,1,160.38807891278833,1
M9_CB_BL21,1,105.97027030599256,1
M9_CB_BL21,1,117.62636253704359,1
M9_CB_BL21,2,213.61756379712887,1
M9_CB_BL21,2,245.2119256503948,1
M9_CB_BL21,2,210.31979542466607,1
M9_CB_BL21,2,129.20631767961004,1
M9_CB_BL21,2,212.0673935792253,1
M9_CB_BL21,2,285.3366824524786,1
M9_CB_BL21,2,200.21654365777073,1
M9_CB_BL21,2,251.48417405621785,1
M9_CB_BL21,2,201.03770789585042,1
M9_CB_BL21,2,176.0618106118545,1
M9_CB_BL21,2,119.87681285554531,1
M9_CB_BL21,3,241.45620247252063,1
M9_CB_BL21,3,182.11039617429964,1
M9_CB_BL21,3,163.28379472722784,1
M9_CB_BL21,3,140.45656659936884,1
M9_CB_BL21,3,150.16012658684886,1
M9_CB_BL21,3,234.39203258027183,1
M9_CB_BL21,3,185.08502433733392,1
M9_CB_BL21,3,181.4629991191212,1
M9_CB_BL21,3,178.19495850000052,1
M9_CB_BL21,3,128.6052158014871,1
M9_CB_BL21,3,154.3030212549694,1
M9_CB_BL21,4,245.13888754619907,1
M9_CB_BL21,4,277.4420704549815,1
M9_CB_BL21,4,266.1033690049543,1
M9_CB_BL21,4,167.6400626242323,1
M9_CB_BL21,4,221.64058003779434,1
M9_CB_BL21,4,280.4098167203376,1
M9_CB_BL21,4,174.45620330745845,1
M9_CB_BL21,5,255.36670531453464,1
M9_CB_BL21,5,244.48766846884982,1
M9_CB_BL21,5,263.42374625100996,1
M9_CB_BL21,5,343.78805928923117,1
M9_CB_BL21,6,166.1471416714819,1
M9_CB_BL21,6,302.4043098083713,1
M9_CB_BL21,6,301.3663183898405,1
M9_CB_BL21,6,268.5999084824392,1
M9_CB_BL21,6,234.14842411165546,1
M9_CB_BL21,8,283.85984328925144,1
M9_CB_BL21,8,286.4522363254946,1
M9_CB_BL21,8,228.6586202950014,1
M9_CB_BL21,8,135.81340840666462,1
M9_CB_BL21,8,264.9297904306528,1
M9_CB_BL21,8,187.44273268907818,1
M9_CB_BL21,8,152.3949148259068,1
M9_CB_BL21,9,240.85466374718118,1
M9_CB_BL21,9,220.5573728664887,1
M9_CB_BL21,9,232.79400772601633,1
M9_CB_BL21,10,306.07410591467,1
M9_CB_BL21,10,226.13208285530763,1
M9_CB_BL21,10,116.66258345521427,1
M9_CB_BL21,10,283.13618373588196,1
M9_CB_BL21,10,276.7920991763145,1
M9_CB_BL21,10,241.2318090990987,1
M9_CB_BL21,10,307.623797484942,1
M9_CB_BL21,10,275.0014819035485,1
M9_CB_BL21,10,267.09110043365564,1
M9_CB_BL21,10,192.48489372625144,1
M9_CB_BL21,10,161.78279497082002,1
M9_CB_BL21,11,209.02352492029914,1
M9_CB_BL21,11,170.12082062708674,1
M9_CB_BL21,11,193.4008068465465,1
M9_CB_BL21,11,200.8688028597267,1
M9_CB_BL21,11,195.8079627920685,1
M9_CB_BL21,11,303.7475782213199,1
M9_CB_BL21,11,328.61802134018114,1
M9_CB_BL21,11,285.31132955573014,1
M9_CB_BL21,11,308.0632136522954,1
M9_CB_BL21,11,266.5848932033613,1
M9_CB_BL21,12,253.11429906991754,1
M9_CB_BL21,12,349.39231489014645,1
M9_CB_BL21,12,294.75401883821394,1
M9_CB_BL21,12,211.7361096017769,1
M9_CB_BL21,13,203.50185238712967,1
M9_CB_BL21,13,258.42243336395313,1
M9_CB_BL21,13,243.98239720713946,1
M9_CB_BL21,13,299.5202879298777,1
M9_CB_BL21,13,239.35898345815662,1
M9_CB_BL21,13,133.97538778622067,1
M9_CB_BL21,13,17.255916867517342,1
M9_CB_BL21,13,42.83535626681224,1
M9_CB_BL21,13,35.64829118866936,1
M9_CB_BL21,13,44.61085352832074,1
M9_CB_BL21,13,51.83307518682882,1
M9_CB_BL21,14,241.47908973256077,1
M9_CB_BL21,14,201.47389407175385,1
M9_CB_BL21,14,250.3916627647046,1
M9_CB_BL21,16,293.51753297573543,1
M9_CB_BL21,16,290.36414818010843,1
M9_CB_BL21,16,255.28603561687265,1
M9_CB_BL21,16,246.84408077635726,1
M9_CB_BL21,16,285.4318507840783,1
M9_CB_BL21,16,264.8452673469058,1
M9_CB_BL21,16,269.2517874370352,1
M9_CB_BL21,16,272.1524621507617,1
M9_CB_BL21,16,231.3500663526389,1
M9_CB_BL21,16,248.61052485446467,1
M9_CB_BL21,16,219.70470212531214,1
M9_CB_NGM,1,302.8797211847377,1
M9_CB_NGM,1,301.1641392907626,1
M9_CB_NGM,1,187.21815567859153,1
M9_CB_NGM,2,261.16011612782756,1
M9_CB_NGM,2,248.03867768436035,1
M9_CB_NGM,2,376.4868755025315,1
M9_CB_NGM,2,322.8002393768127,1
M9_CB_NGM,2,212.27490395878795,1
M9_CB_NGM,3,88.27899927367766,1
M9_CB_NGM,3,65.71310749003925,1
M9_CB_NGM,3,161.79231506213722,1
M9_CB_NGM,3,273.8447170821895,1
M9_CB_NGM,3,324.4252680745517,1
M9_CB_NGM,3,272.9398945230505,1
M9_CB_NGM,3,285.1200085429019,1
M9_CB_NGM,3,349.54755604397417,1
M9_CB_NGM,3,218.16453753559682,1
M9_CB_NGM,3,84.58022959309714,1
M9_CB_NGM,3,147.99664091916551,1
M9_CB_NGM,4,291.14032527300293,1
M9_CB_NGM,4,247.28548472749503,1
M9_CB_NGM,4,245.70670392736875,1
M9_CB_NGM,4,228.25284804708048,1
M9_CB_NGM,4,147.7986474431154,1
M9_CB_NGM,4,337.59511903930485,1
M9_CB_NGM,4,273.76292029090007,1
M9_CB_NGM,4,267.4243695802208,1
M9_CB_NGM,4,161.89227284771192,1
M9_CB_NGM,4,163.84371189108643,1
M9_CB_NGM,4,121.24968500512541,1
M9_CB_NGM,5,182.1917639887597,1
M9_CB_NGM,5,154.2629345710329,1
M9_CB_NGM,5,307.1545983130488,1
M9_CB_NGM,5,255.34825433217287,1
M9_CB_NGM,5,259.9166054532509,1
M9_CB_NGM,5,238.13175257918837,1
M9_CB_NGM,5,269.62204436297435,1
M9_CB_NGM,5,109.71354374105599,1
M9_CB_NGM,5,95.97280665899382,1
M9_CB_NGM,5,167.02608856946284,1
M9_CB_NGM,5,152.8296324542335,1
M9_CB_NGM,6,330.51387322793283,1
M9_CB_NGM,6,383.193217196466,1
M9_CB_NGM,6,314.5588391068977,1
M9_CB_NGM,6,303.7153336394032,1
M9_CB_NGM,6,258.0137703332977,1
M9_CB_NGM,6,429.7812057668448,1
M9_CB_NGM,6,313.30959340956804,1
M9_CB_NGM,6,368.438107877129,1
M9_CB_NGM,6,387.45576511340533,1
M9_CB_NGM,6,250.49944659897218,1
M9_CB_NGM,6,273.95256668041213,1
M9_CB_NGM,7,386.7605779797833,1
M9_CB_NGM,7,322.7535340528344,1
M9_CB_NGM,7,208.86127843641015,1
M9_CB_NGM,7,277.29064340204394,1
M9_CB_NGM,7,192.67514311367123,1
M9_CB_NGM,7,99.21863846085236,1
M9_CB_NGM,7,29.362168834162038,1
M9_CB_NGM,7,30.276081818927832,1
M9_CB_NGM,7,23.95120372198749,1
M9_CB_NGM,7,81.59931217726087,1
M9_CB_NGM,7,13.480086251830079,1
M9_CB_NGM,8,107.26965689393903,1
M9_CB_NGM,8,187.38585511668686,1
M9_CB_NGM,8,214.8332443058177,1
M9_CB_NGM,8,231.45851153276362,1
M9_CB_NGM,8,335.26460677531975,1
M9_CB_NGM,8,241.46837384981632,1
M9_CB_NGM,8,218.7370776750857,1
M9_CB_NGM,8,258.3177986554739,1
M9_CB_NGM,8,195.53514733858242,1
M9_CB_NGM,8,138.05054190533775,1
M9_CB_NGM,8,189.9438548673084,1
M9_CB_NGM,9,90.18495945806833,1
M9_CB_NGM,9,114.48190001299152,1
M9_CB_NGM,9,74.84827426339783,1
M9_CB_NGM,9,80.46983386402106,1
M9_CB_NGM,9,138.21655170660836,1
M9_CB_NGM,9,139.82374702882726,1
M9_CB_NGM,9,162.43090895179432,1
M9_CB_NGM,9,94.76327270640938,1
M9_CB_NGM,9,103.46228205457507,1
M9_CB_NGM,9,392.3767926165403,1
M9_CB_NGM,9,124.41066762369064,1
M9_CB_NGM,10,163.32288465217988,1
M9_CB_NGM,10,167.9988018421488,1
M9_CB_NGM,10,245.2247661182687,1
M9_CB_NGM,10,195.10279681024377,1
M9_CB_NGM,10,105.63847915853043,1
M9_CB_NGM,10,142.2630393854309,1
M9_CB_NGM,10,261.2702565744587,1
M9_CB_NGM,10,328.4813296553481,1
M9_CB_NGM,10,347.47023837912815,1
M9_CB_NGM,10,197.92003690738503,1
M9_CB_NGM,10,255.8334873571358,1
M9_CB_NGM,11,197.9363008203142,1
M9_CB_NGM,11,134.4672429273149,1
M9_CB_NGM,11,109.58567177268382,1
M9_CB_NGM,11,188.0160309329373,1
M9_CB_NGM,11,224.5568900235875,1
M9_CB_NGM,11,113.90293364998274,1
M9_CB_NGM,11,136.84473241178495,1
M9_CB_NGM,11,139.70469629851505,1
M9_CB_NGM,11,128.84439647993668,1
M9_CB_NGM,11,296.9697639041224,1
M9_CB_NGM,11,105.53373879630306,1
M9_CB_NGM,12,192.5064539666261,1
M9_CB_NGM,12,185.05782650146588,1
M9_CB_NGM,12,285.3902318493753,1
M9_CB_NGM,12,125.66039669654083,1
M9_CB_NGM,12,209.46626495212166,1
M9_CB_NGM,12,251.91564462115292,1
M9_CB_NGM,12,287.1382556544465,1
M9_CB_NGM,12,207.1397771995568,1
M9_CB_NGM,12,103.51800348360636,1
M9_CB_NGM,12,142.11421666232644,1
M9_CB_NGM,12,117.40111737893366,1
M9_CB_NGM,13,240.57024036025487,1
M9_CB_NGM,13,233.48326321437563,1
M9_CB_NGM,13,248.43948173890294,1
M9_CB_NGM,13,286.3622274600259,1
M9_CB_NGM,13,284.9921622811924,1
M9_CB_NGM,13,296.1432640377237,1
M9_CB_NGM,13,338.62600111291533,1
M9_CB_NGM,13,249.21313390403515,1
M9_CB_NGM,13,230.53993046922142,1
M9_CB_NGM,13,242.3813289579454,1
M9_CB_NGM,13,153.77248447934048,1
M9_CB_NGM,14,267.7269958177793,1
M9_CB_NGM,14,336.4030534384002,1
M9_CB_NGM,14,275.9686761205192,1
M9_CB_NGM,14,232.17223264564646,1
M9_CB_NGM,14,268.41764910727,1
M9_CB_NGM,14,282.7513412261038,1
M9_CB_NGM,14,419.044429508102,1
M9_CB_NGM,14,258.8670700832088,1
M9_CB_NGM,14,132.22779306738883,1
M9_CB_NGM,14,213.4860154900448,1
M9_CB_NGM,14,174.88997846548963,1
M9_MT_BL21,1,212.61136211376862,1
M9_MT_BL21,1,285.4510268673836,1
M9_MT_BL21,1,319.9894342772417,1
M9_MT_BL21,1,234.674623400975,1
M9_MT_BL21,1,249.87747958541453,1
M9_MT_BL21,1,272.07571431915676,1
M9_MT_BL21,1,311.15497835826875,1
M9_MT_BL21,1,263.6084570429208,1
M9_MT_BL21,1,271.1375691838289,1
M9_MT_BL21,1,158.32310743373702,1
M9_MT_BL21,1,195.54558064741394,1
M9_MT_BL21,2,211.07914653604348,1
M9_MT_BL21,2,187.87612075287893,1
M9_MT_BL21,3,170.0633279990937,1
M9_MT_BL21,3,188.8178374283654,1
M9_MT_BL21,3,189.49277364160127,1
M9_MT_BL21,4,187.4570368127219,1
M9_MT_BL21,4,243.38871753732275,1
M9_MT_BL21,4,173.65061325062862,1
M9_MT_BL21,4,251.49673973781955,1
M9_MT_BL21,4,287.5077725058801,1
M9_MT_BL21,4,199.575997850917,1
M9_MT_BL21,4,173.7316012013828,1
M9_MT_BL21,4,107.8979444164105,1
M9_MT_BL21,4,195.12509630542812,1
M9_MT_BL21,4,200.71171919449935,1
M9_MT_BL21,4,212.9625159987615,1
M9_MT_BL21,5,260.01743561239994,1
M9_MT_BL21,5,243.83496699017823,1
M9_MT_BL21,5,280.75028073917304,1
M9_MT_BL21,5,247.45517254841798,1
M9_MT_BL21,5,251.663078355575,1
M9_MT_BL21,5,248.87657642776608,1
M9_MT_BL21,5,223.07767591817066,1
M9_MT_BL21,5,255.03685723972052,1
M9_MT_BL21,5,256.06286368172414,1
M9_MT_BL21,5,235.45394137249136,1
M9_MT_BL21,5,197.1663676801382,1
M9_MT_BL21,6,189.14927292164938,1
M9_MT_BL21,6,129.6162281068796,1
M9_MT_BL21,6,253.97865010414216,1
M9_MT_BL21,6,278.29639271188455,1
M9_MT_BL21,6,194.958970073623,1
M9_MT_BL21,6,173.01219352072994,1
M9_MT_BL21,6,194.18558426557993,1
M9_MT_BL21,7,218.9172606576646,1
M9_MT_BL21,7,220.45361938249994,1
M9_MT_BL21,7,184.11243234829521,1
M9_MT_BL21,7,199.14028034830653,1
M9_MT_BL21,7,209.56803801570783,1
M9_MT_BL21,7,221.83731447100848,1
M9_MT_BL21,7,170.2530307825619,1
M9_MT_BL21,7,226.88784095285934,1
M9_MT_BL21,8,172.92461364233637,1
M9_MT_BL21,8,280.57647740679124,1
M9_MT_BL21,8,279.50544599296234,1
M9_MT_BL21,8,172.88487980671113,1
M9_MT_BL21,8,224.11783392862012,1
M9_MT_BL21,8,224.37266436305208,1
M9_MT_BL21,8,222.89202805544332,1
M9_MT_BL21,8,169.5321130298393,1
M9_MT_BL21,9,222.12438205415543,1
M9_MT_BL21,9,244.72111525639048,1
M9_MT_BL21,9,204.7890875503186,1
M9_MT_BL21,9,218.66451164594736,1
M9_MT_BL21,9,222.00937791578417,1
M9_MT_BL21,9,139.70424130775817,1
M9_MT_BL21,9,205.90114638696446,1
M9_MT_BL21,9,181.47859753076904,1
M9_MT_BL21,9,162.03908627121677,1
M9_MT_BL21,9,172.9958842079172,1
M9_MT_BL21,9,177.43775160402214,1
M9_MT_BL21,10,217.5893541992362,1
M9_MT_BL21,10,168.87911098836713,1
M9_MT_BL21,10,157.36472933244494,1
M9_MT_BL21,10,112.17809923706568,1
M9_MT_BL21,10,67.73091293800375,1
M9_MT_BL21,10,86.07120042794027,1
M9_MT_BL21,10,37.3712406300836,1
M9_MT_BL21,10,57.456676117876455,1
M9_MT_BL21,10,35.86635652757027,1
M9_MT_BL21,10,111.37415810603375,1
M9_MT_BL21,10,189.06623200733588,1
M9_MT_BL21,12,288.9931566101164,1
M9_MT_BL21,12,409.69543463881234,1
M9_MT_BL21,13,181.50525306265698,1
M9_MT_BL21,13,204.5512580652608,1
M9_MT_BL21,13,156.42473112841475,1
M9_MT_BL21,13,220.1878361504455,1
M9_MT_BL21,13,225.5735310206366,1
M9_MT_BL21,13,147.38894800301145,1
M9_MT_BL21,13,103.71944309347714,1
M9_MT_BL21,13,137.67639599573607,1
M9_MT_BL21,13,156.78829628173077,1
M9_MT_BL21,13,125.20964650808453,1
M9_MT_BL21,13,179.76911427286922,1
M9_MT_BL21,14,323.47113723627245,1
M9_MT_NGM,1,278.41231727252296,1
M9_MT_NGM,1,240.17245054950294,1
M9_MT_NGM,1,319.8860375982682,1
M9_MT_NGM,1,270.27325035178916,1
M9_MT_NGM,1,395.2690748987967,1
M9_MT_NGM,1,281.5615353532,1
M9_MT_NGM,1,319.9417297783415,1
M9_MT_NGM,1,300.11486022026236,1
M9_MT_NGM,1,277.0424114919823,1
M9_MT_NGM,1,248.68564591415512,1
M9_MT_NGM,1,286.24915614921383,1
M9_MT_NGM,2,232.31384448109492,1
M9_MT_NGM,2,241.11660918640524,1
M9_MT_NGM,2,322.58447477798234,1
M9_MT_NGM,2,237.68991625834005,1
M9_MT_NGM,2,180.83301315680816,1
M9_MT_NGM,2,193.36334149383026,1
M9_MT_NGM,2,168.15987942968428,1
M9_MT_NGM,2,128.94105566595988,1
M9_MT_NGM,2,138.75619281190325,1
M9_MT_NGM,2,188.32638219647333,1
M9_MT_NGM,3,345.81071259478307,1
M9_MT_NGM,3,303.70165153261786,1
M9_MT_NGM,3,346.4790565293457,1
M9_MT_NGM,3,329.3812034675399,1
M9_MT_NGM,3,316.0013172687017,1
M9_MT_NGM,3,252.6436214562907,1
M9_MT_NGM,3,235.90928493407176,1
M9_MT_NGM,3,197.0686331774737,1
M9_MT_NGM,3,206.07907480812113,1
M9_MT_NGM,3,227.3614530426783,1
M9_MT_NGM,3,290.591738858084,1
M9_MT_NGM,4,195.33044731089663,1
M9_MT_NGM,4,177.55627476249293,1
M9_MT_NGM,4,149.79873780956004,1
M9_MT_NGM,4,275.15982793070555,1
M9_MT_NGM,4,289.21391312051435,1
M9_MT_NGM,4,323.8453007738136,1
M9_MT_NGM,5,179.09871063739178,1
M9_MT_NGM,5,176.61211181178712,1
M9_MT_NGM,5,189.80260784954575,1
M9_MT_NGM,5,284.21167423641907,1
M9_MT_NGM,5,254.21621729138514,1
M9_MT_NGM,5,263.84812063428456,1
M9_MT_NGM,5,299.61023405064736,1
M9_MT_NGM,5,312.7429392340101,1
M9_MT_NGM,5,262.3097053385815,1
M9_MT_NGM,5,185.56438937914632,1
M9_MT_NGM,5,261.16466780578804,1
M9_MT_NGM,6,110.30776377217697,1
M9_MT_NGM,6,112.24519167858878,1
M9_MT_NGM,6,227.88607924318148,1
M9_MT_NGM,6,219.22107846484823,1
M9_MT_NGM,6,196.97445253417163,1
M9_MT_NGM,6,278.5705296850577,1
M9_MT_NGM,6,166.8807027506051,1
M9_MT_NGM,6,116.78518865868382,1
M9_MT_NGM,6,99.04232797822358,1
M9_MT_NGM,6,61.84437668532705,1
M9_MT_NGM,6,73.6177546816774,1
M9_MT_NGM,7,270.4986936561795,1
M9_MT_NGM,7,202.7031234021837,1
M9_MT_NGM,7,245.75382965703517,1
M9_MT_NGM,7,184.59738829872978,1
M9_MT_NGM,7,376.70264237950335,1
M9_MT_NGM,7,297.54143265621633,1
M9_MT_NGM,7,250.52679005337995,1
M9_MT_NGM,7,269.97501442810403,1
M9_MT_NGM,7,205.62238782692367,1
M9_MT_NGM,7,169.11262093533918,1
M9_MT_NGM,7,172.41871359056222,1
M9_MT_NGM,8,306.4042957459278,1
M9_MT_NGM,8,362.4833251562369,1
M9_MT_NGM,8,295.6409059304365,1
M9_MT_NGM,10,287.9274039253371,1
M9_MT_NGM,10,320.7028466604523,1
M9_MT_NGM,10,300.4284873179182,1
M9_MT_NGM,10,266.2910615861655,1
M9_MT_NGM,10,276.2935080685154,1
M9_MT_NGM,10,158.01141367362607,1
M9_MT_NGM,10,183.17050828066914,1
M9_MT_NGM,10,174.45790381877504,1
M9_MT_NGM,10,203.82962676589736,1
M9_MT_NGM,10,196.99663534956912,1
M9_MT_NGM,10,165.8189093645657,1
M9_MT_NGM,10,147.22623951523752,1
M9_MT_NGM,11,225.59632830786708,1
M9_MT_NGM,11,124.06991431384695,1
M9_MT_NGM,11,133.20775735340007,1
M9_MT_NGM,11,229.31217055415487,1
M9_MT_NGM,11,201.28610647195157,1
M9_MT_NGM,11,169.62308186122908,1
M9_MT_NGM,11,235.5115401647874,1
M9_MT_NGM,11,229.23985348343558,1
M9_MT_NGM,11,234.00110185724643,1
M9_MT_NGM,11,157.83965984318337,1
M9_MT_NGM,11,175.30132813566448,1
M9_MT_NGM,11,262.5253146557705,1
M9_MT_NGM,12,94.27944499900498,1
M9_MT_NGM,12,141.0040666550127,1
M9_MT_NGM,12,146.0539349646348,1
M9_MT_NGM,12,179.0051739611177,1
M9_MT_NGM,12,106.85808008486,1
M9_MT_NGM,12,147.41605607301295,1
M9_MT_NGM,12,138.4889159190703,1
M9_MT_NGM,12,105.29066647369191,1
M9_MT_NGM,12,94.03748684652074,1
M9_MT_NGM,12,107.82373558322475,1
M9_MT_NGM,12,107.5821668016645,1
M9_MT_NGM,13,58.58442381493254,1
M9_MT_NGM,13,156.15186084931094,1
M9_MT_NGM,13,294.8786849678415,1
M9_MT_NGM,13,235.6816135226205,1
M9_MT_NGM,13,165.4838639802971,1
M9_MT_NGM,13,125.19384764876347,1
M9_MT_NGM,13,71.3480643553752,1
M9_MT_NGM,13,98.42213896760306,1
LD_N2_BL21,1,239.73064659008645,2
LD_N2_BL21,1,197.88054263648806,2
LD_N2_BL21,1,244.4311312692311,2
LD_N2_BL21,1,206.55945601797058,2
LD_N2_BL21,1,171.4090675787586,2
LD_N2_BL21,1,198.24029676076415,2
LD_N2_BL21,1,133.06640246702693,2
LD_N2_BL21,1,98.96538425919296,2
LD_N2_BL21,1,118.86828924481635,2
LD_N2_BL21,1,114.66158574070278,2
LD_N2_BL21,1,88.5587626609333,2
LD_N2_BL21,1,95.29136854122706,2
LD_N2_BL21,2,148.04373940759461,2
LD_N2_BL21,2,124.72868549835093,2
LD_N2_BL21,2,122.46976464465573,2
LD_N2_BL21,2,123.00834416195751,2
LD_N2_BL21,2,114.42418990777603,2
LD_N2_BL21,2,123.30830884144316,2
LD_N2_BL21,2,117.07016617965988,2
LD_N2_BL21,2,84.28469467925675,2
LD_N2_BL21,2,96.24247819384848,2
LD_N2_BL21,2,95.7435575780012,2
LD_N2_BL21,2,102.39271887972328,2
LD_N2_BL21,3,226.9134466716369,2
LD_N2_BL21,3,206.4684135493788,2
LD_N2_BL21,3,143.18159220741228,2
LD_N2_BL21,3,174.73463479198878,2
LD_N2_BL21,3,109.27877878941618,2
LD_N2_BL21,3,145.6524715651219,2
LD_N2_BL21,3,150.40229071354506,2
LD_N2_BL21,3,115.82563870270901,2
LD_N2_BL21,3,104.18530602283427,2
LD_N2_BL21,3,122.79849594647654,2
LD_N2_BL21,3,75.35613151170182,2
LD_N2_BL21,4,158.36370627119814,2
LD_N2_BL21,4,193.5745965583164,2
LD_N2_BL21,4,189.53781691355303,2
LD_N2_BL21,4,139.51670733499978,2
LD_N2_BL21,4,175.98665531857864,2
LD_N2_BL21,4,175.6334667413761,2
LD_N2_BL21,4,180.36203757655744,2
LD_N2_BL21,4,148.61123539893916,2
LD_N2_BL21,4,156.99270417502532,2
LD_N2_BL21,4,101.77465112981187,2
LD_N2_BL21,4,174.33831420537825,2
LD_N2_BL21,5,216.92140138891955,2
LD_N2_BL21,5,243.69503036262978,2
LD_N2_BL21,5,198.58626267509663,2
LD_N2_BL21,5,248.29585553551982,2
LD_N2_BL21,6,181.0824059710387,2
LD_N2_BL21,6,241.23623442623338,2
LD_N2_BL21,6,192.18752097416314,2
LD_N2_BL21,6,172.99808506336234,2
LD_N2_BL21,6,183.63240914185712,2
LD_N2_BL21,6,186.34122144928233,2
LD_N2_BL21,6,182.16418220055942,2
LD_N2_BL21,6,181.72122725054226,2
LD_N2_BL21,6,104.63511712556297,2
LD_N2_BL21,6,128.1383748355516,2
LD_N2_BL21,6,125.20577662292517,2
LD_N2_BL21,7,205.462113995544,2
LD_N2_BL21,7,211.48246573629595,2
LD_N2_BL21,7,164.81587345262847,2
LD_N2_BL21,8,76.27656895096268,2
LD_N2_BL21,8,134.11276431438696,2
LD_N2_BL21,8,163.29798296214773,2
LD_N2_BL21,8,157.8004679171242,2
LD_N2_BL21,8,122.50031323075511,2
LD_N2_BL21,8,88.60484211669493,2
LD_N2_BL21,8,118.15778908719578,2
LD_N2_BL21,8,66.57259722627322,2
LD_N2_BL21,8,98.13670775607783,2
LD_N2_BL21,8,61.730075242466306,2
LD_N2_BL21,8,77.16135155197239,2
LD_N2_BL21,9,182.22664810513916,2
LD_N2_BL21,10,121.29669220280398,2
LD_N2_BL21,10,121.65917729858748,2
LD_N2_BL21,10,58.60358612008857,2
LD_N2_BL21,10,80.71905566150258,2
LD_N2_BL21,10,85.68216409147824,2
LD_N2_BL21,10,44.96451852187908,2
LD_N2_BL21,10,91.11172909787281,2
LD_N2_BL21,10,43.123512085422064,2
LD_N2_BL21,10,61.36506787767153,2
LD_N2_BL21,10,42.716735241373556,2
LD_N2_BL21,10,78.21089614581759,2
LD_N2_BL21,11,110.1943762555049,2
LD_N2_BL21,11,111.42724939262163,2
LD_N2_BL21,11,119.02093038222715,2
LD_N2_BL21,11,82.28572531144434,2
LD_N2_BL21,11,142.36424781173747,2
LD_N2_BL21,11,111.03265515596414,2
LD_N2_BL21,11,81.44313080928326,2
LD_N2_BL21,11,111.36556942472737,2
LD_N2_BL21,11,167.79829421222843,2
LD_N2_BL21,11,87.22499947678862,2
LD_N2_BL21,11,102.55326334383581,2
LD_N2_BL21,12,87.65158267304591,2
LD_N2_BL21,12,113.4737685834748,2
LD_N2_BL21,12,81.99670738504719,2
LD_N2_BL21,12,89.13794863180756,2
LD_N2_BL21,13,85.35645089679204,2
LD_N2_BL21,13,120.75707685719335,2
LD_N2_BL21,13,101.41913125921694,2
LD_N2_BL21,13,84.70002190347604,2
LD_N2_BL21,13,67.0154028286101,2
LD_N2_BL21,13,72.4054862356404,2
LD_N2_BL21,14,129.47435346968675,2
LD_N2_BL21,14,161.69785367427167,2
LD_N2_BL21,14,194.51039178438296,2
LD_N2_BL21,14,150.88337996962915,2
LD_N2_BL21,14,180.8902218373346,2
LD_N2_BL21,14,177.37706314878247,2
LD_N2_BL21,14,180.58564024229509,2
LD_N2_BL21,14,194.97742634245236,2
LD_N2_BL21,14,183.49395230599754,2
LD_N2_BL21,14,196.9203407700359,2
LD_N2_BL21,14,177.36617574189222,2
LD_N2_BL21,15,80.07575024404238,2
LD_N2_BL21,15,116.87918863938926,2
LD_N2_BL21,15,138.17731567568012,2
LD_N2_BL21,15,150.6931053616822,2
LD_N2_BL21,15,167.32910910332527,2
LD_N2_BL21,15,170.27989164778955,2
LD_N2_BL21,15,159.49699918699287,2
LD_N2_BL21,15,152.64209619849413,2
LD_N2_BL21,15,184.91010368448352,2
LD_N2_BL21,15,196.06426853325334,2
LD_N2_BL21,15,188.4978191820422,2
LD_N2_BL21,16,135.60277436805433,2
LD_N2_BL21,16,119.84050049295418,2
LD_N2_BL21,16,87.0229961918022,2
LD_N2_BL21,16,107.33059978597524,2
LD_N2_BL21,17,222.17409572158095,2
LD_N2_BL21,17,184.9576650833557,2
LD_N2_BL21,17,178.3514223124395,2
LD_N2_BL21,17,187.35550528521495,2
LD_N2_BL21,17,240.07945874154706,2
LD_N2_NGM,2,290.2145687229521,2
LD_N2_NGM,2,262.76281523013904,2
LD_N2_NGM,2,321.66834358598305,2
LD_N2_NGM,2,316.13629220487354,2
LD_N2_NGM,2,322.7692974022137,2
LD_N2_NGM,2,205.52870397124116,2
LD_N2_NGM,3,224.40354160032615,2
LD_N2_NGM,3,248.7945515046963,2
LD_N2_NGM,3,275.1096127525232,2
LD_N2_NGM,3,249.83453521293376,2
LD_N2_NGM,4,292.1059754462242,2
LD_N2_NGM,4,320.9789916062997,2
LD_N2_NGM,4,278.63146674967777,2
LD_N2_NGM,4,254.06115561491637,2
LD_N2_NGM,4,298.5375582530472,2
LD_N2_NGM,4,298.0992977775297,2
LD_N2_NGM,4,291.04632267092694,2
LD_N2_NGM,4,309.33459260388565,2
LD_N2_NGM,4,303.57391203385293,2
LD_N2_NGM,4,292.5271299356631,2
LD_N2_NGM,4,291.47486794084915,2
LD_N2_NGM,5,322.08083095870245,2
LD_N2_NGM,5,330.7662187635291,2
LD_N2_NGM,5,254.0790637937339,2
LD_N2_NGM,5,305.64308555704395,2
LD_N2_NGM,5,301.7310168430761,2
LD_N2_NGM,5,351.4470792150877,2
LD_N2_NGM,5,321.81290991597905,2
LD_N2_NGM,5,374.85374258205394,2
LD_N2_NGM,5,233.37359801634415,2
LD_N2_NGM,5,295.2707076478488,2
LD_N2_NGM,5,268.7386690594558,2
LD_N2_NGM,6,198.80556379773978,2
LD_N2_NGM,6,149.49063410838392,2
LD_N2_NGM,6,242.81006766364376,2
LD_N2_NGM,6,208.6184562848369,2
LD_N2_NGM,6,230.0109349918883,2
LD_N2_NGM,6,210.491674375526,2
LD_N2_NGM,6,242.854840675419,2
LD_N2_NGM,6,247.1320523730752,2
LD_N2_NGM,7,274.2850369186017,2
LD_N2_NGM,7,316.95085947272594,2
LD_N2_NGM,8,211.65463941284142,2
LD_N2_NGM,9,276.8018866192118,2
LD_N2_NGM,9,338.47861456558957,2
LD_N2_NGM,9,314.8082643884685,2
LD_N2_NGM,9,361.33419547705444,2
LD_N2_NGM,9,379.2346899902042,2
LD_N2_NGM,9,349.8614135407097,2
LD_N2_NGM,9,309.9230599447252,2
LD_N2_NGM,9,209.33030529908834,2
LD_N2_NGM,9,285.4689697753681,2
LD_N2_NGM,9,362.4020551058554,2
LD_N2_NGM,9,355.15062200580513,2
LD_N2_NGM,10,236.98909022067824,2
LD_N2_NGM,10,289.7408060695107,2
LD_N2_NGM,13,260.13041333941544,2
LD_N2_NGM,13,357.467594272936,2
LD_N2_NGM,13,341.650617501061,2
LD_N2_NGM,13,211.2606363915292,2
LD_N2_NGM,13,244.0207940014423,2
LD_N2_NGM,13,294.28095225642653,2
LD_N2_NGM,13,210.50803968979153,2
LD_N2_NGM,14,260.17189621948216,2
LD_N2_NGM,14,221.627956411841,2
LD_N2_NGM,14,233.42552005004472,2
LD_N2_NGM,14,268.89614016599506,2
LD_N2_NGM,14,260.34824059090363,2
LD_N2_NGM,15,299.32478047212487,2
LD_N2_NGM,18,259.49306226188577,2
LD_N2_NGM,18,264.4302198882252,2
LD_N2_NGM,18,210.1405012404021,2
LD_N2_NGM,18,173.23353938933445,2
LD_N2_NGM,18,291.28886775560994,2
LD_N2_NGM,18,245.91160029460198,2
LD_N2_NGM,18,208.70606366298497,2
LD_N2_NGM,18,240.8714645696106,2
LD_N2_NGM,18,272.05254488043147,2
LD_N2_NGM,18,344.686352603797,2
LD_N2_NGM,18,330.6315091265748,2
LD_N2_NGM,19,204.21884177327735,2
LD_N2_NGM,19,202.11761521040194,2
LD_N2_NGM,19,142.9869626740753,2
LD_N2_NGM,19,214.5431341943153,2
LD_N2_NGM,19,159.7160618002669,2
LD_N2_NGM,19,175.59343738813686,2
LD_N2_NGM,19,315.25510613576336,2
LD_N2_NGM,19,241.20173689376406,2
LD_N2_NGM,19,251.61180640164145,2
LD_N2_NGM,19,155.33060611591787,2
LD_N2_NGM,20,205.6626569482747,2
LD_N2_NGM,20,147.48474069859122,2
LD_N2_NGM,20,168.08502968055382,2
LD_N2_NGM,20,159.7935750487903,2
LD_N2_NGM,20,147.8826431790121,2
LD_N2_NGM,20,188.47211889097963,2
LD_N2_NGM,20,139.2135418097846,2
LD_N2_NGM,20,145.9271462318543,2
LD_N2_NGM,20,151.15584857259987,2
LD_N2_NGM,20,124.67352262965971,2
LD_N2_NGM,20,81.18462290299422,2
LD_N2_NGM,22,220.55561311458678,2
LD_N2_NGM,22,183.69559807372906,2
LD_N2_NGM,22,195.75076330271753,2
LD_N2_NGM,22,178.47113887796635,2
LD_N2_NGM,22,118.13668239942353,2
LD_N2_NGM,22,210.0496823541433,2
LD_N2_NGM,22,154.64051488536592,2
LD_N2_NGM,22,183.58925381637437,2
LD_N2_NGM,22,145.98713717436473,2
LD_N2_NGM,22,187.70121079665628,2
LD_N2_NGM,22,142.6051702690934,2
LD_N2_NGM,23,198.28066060099704,2
LD_N2_NGM,23,164.28745555001433,2
LD_N2_NGM,23,234.24304630211753,2
LD_N2_NGM,23,244.00777916546403,2
LD_N2_NGM,23,220.63060042242896,2
LD_N2_NGM,23,144.09538104220468,2
LD_N2_NGM,23,157.06549976080095,2
LD_N2_NGM,23,198.1953271156064,2
LD_N2_NGM,23,214.69349094731965,2
LD_N2_NGM,23,118.49624862655298,2
LD_N2_NGM,23,113.81146005263422,2
LD_N2_NGM,24,260.85315834635094,2
LD_N2_NGM,24,229.53598291587096,2
LD_N2_NGM,24,294.5676883531925,2
LD_N2_NGM,24,243.26128023806268,2
LD_N2_NGM,24,209.8215537388847,2
LD_N2_NGM,24,170.318722790037,2
LD_N2_NGM,24,243.97118266241583,2
LD_N2_NGM,24,263.7236868297175,2
LD_N2_NGM,24,201.90572475087274,2
LD_N2_NGM,24,238.90313492049927,2
LD_N2_NGM,24,137.37951794071554,2
LD_CB_BL21,1,110.64728770253267,2
LD_CB_BL21,1,114.46674557185786,2
LD_CB_BL21,1,103.18997531810183,2
LD_CB_BL21,1,157.04690276311095,2
LD_CB_BL21,1,257.7885370762717,2
LD_CB_BL21,1,211.44816597859318,2
LD_CB_BL21,1,125.00611643883614,2
LD_CB_BL21,1,135.50773855919954,2
LD_CB_BL21,1,118.05334533034564,2
LD_CB_BL21,1,83.73090441504077,2
LD_CB_BL21,1,99.76948188766451,2
LD_CB_BL21,2,111.23756189479477,2
LD_CB_BL21,2,194.65323003915256,2
LD_CB_BL21,2,112.35367453983274,2
LD_CB_BL21,2,338.88695073827466,2
LD_CB_BL21,2,179.17575746555272,2
LD_CB_BL21,2,187.5475316404915,2
LD_CB_BL21,2,158.59619183966822,2
LD_CB_BL21,3,267.9471678652515,2
LD_CB_BL21,3,289.9935500134185,2
LD_CB_BL21,3,268.17626879375456,2
LD_CB_BL21,3,237.21400971724438,2
LD_CB_BL21,3,181.0512062463677,2
LD_CB_BL21,3,214.70215412745952,2
LD_CB_BL21,3,185.86970205171266,2
LD_CB_BL21,3,164.40882103861009,2
LD_CB_BL21,3,210.46673137567473,2
LD_CB_BL21,3,130.05792705314977,2
LD_CB_BL21,3,201.34070817211187,2
LD_CB_BL21,4,276.6926202794014,2
LD_CB_BL21,4,172.67843397587444,2
LD_CB_BL21,4,266.01117387442355,2
LD_CB_BL21,4,137.93190472334743,2
LD_CB_BL21,4,161.07270886467072,2
LD_CB_BL21,4,207.00548092538128,2
LD_CB_BL21,4,211.89042338358263,2
LD_CB_BL21,5,98.63472835624896,2
LD_CB_BL21,5,98.63245071353161,2
LD_CB_BL21,5,83.64070251431257,2
LD_CB_BL21,5,45.87992202900016,2
LD_CB_BL21,5,70.18180035878802,2
LD_CB_BL21,5,74.01416786621914,2
LD_CB_BL21,5,45.38468171493829,2
LD_CB_BL21,5,61.526801424384324,2
LD_CB_BL21,5,75.44664184412008,2
LD_CB_BL21,5,62.2195350939118,2
LD_CB_BL21,5,71.76242429589354,2
LD_CB_BL21,6,211.93896416426554,2
LD_CB_BL21,6,222.5596198776759,2
LD_CB_BL21,6,215.24758418171413,2
LD_CB_BL21,6,234.8020205558586,2
LD_CB_BL21,6,197.11878977980584,2
LD_CB_BL21,6,193.3310749570886,2
LD_CB_BL21,6,174.33258624657856,2
LD_CB_BL21,6,137.43528323507138,2
LD_CB_BL21,6,150.8786645129049,2
LD_CB_BL21,6,135.37720046349565,2
LD_CB_BL21,6,121.3428672913432,2
LD_CB_BL21,7,158.69909577250846,2
LD_CB_BL21,7,177.78284845274723,2
LD_CB_BL21,8,254.56821045607552,2
LD_CB_BL21,8,161.0797902295293,2
LD_CB_BL21,8,195.76829899893158,2
LD_CB_BL21,8,175.9106741286425,2
LD_CB_BL21,8,186.4647748019979,2
LD_CB_BL21,9,232.50301375611826,2
LD_CB_BL21,9,218.24941481453712,2
LD_CB_BL21,10,123.5489101135831,2
LD_CB_BL21,10,104.54355995092112,2
LD_CB_BL21,10,144.2104915991476,2
LD_CB_BL21,10,121.74235200648187,2
LD_CB_BL21,10,126.95644283254498,2
LD_CB_BL21,10,148.60371395376382,2
LD_CB_BL21,10,145.9846313745691,2
LD_CB_BL21,10,159.59831312460514,2
LD_CB_BL21,10,119.9734566611011,2
LD_CB_BL21,10,143.85837026832073,2
LD_CB_BL21,11,101.33716225951487,2
LD_CB_BL21,11,206.24357324803418,2
LD_CB_BL21,11,225.60531008320785,2
LD_CB_BL21,11,159.6625171620871,2
LD_CB_BL21,11,99.9007331102755,2
LD_CB_BL21,11,117.4737185873299,2
LD_CB_BL21,11,99.48966285570694,2
LD_CB_BL21,11,160.2484939208376,2
LD_CB_BL21,11,275.8594306514321,2
LD_CB_BL21,11,119.41253203658493,2
LD_CB_BL21,11,86.38068754869546,2
LD_CB_BL21,12,203.2914289561126,2
LD_CB_BL21,12,184.8735934643802,2
LD_CB_BL21,12,184.3086719072579,2
LD_CB_BL21,12,178.5533442641737,2
LD_CB_BL21,12,170.2819363328682,2
LD_CB_BL21,12,204.2933894535369,2
LD_CB_BL21,12,175.5011192379837,2
LD_CB_BL21,12,143.1505420506723,2
LD_CB_BL21,12,163.68905711501148,2
LD_CB_BL21,12,179.61788501291858,2
LD_CB_BL21,12,124.08724977419013,2
LD_CB_BL21,13,100.11055837418219,2
LD_CB_BL21,13,95.82376597626177,2
LD_CB_BL21,13,108.350706849424,2
LD_CB_BL21,13,97.68806842254898,2
LD_CB_BL21,13,117.45512585069757,2
LD_CB_BL21,13,111.80349642091979,2
LD_CB_BL21,13,132.80144671076883,2
LD_CB_BL21,13,135.28080978569318,2
LD_CB_BL21,13,97.83869853095459,2
LD_CB_BL21,13,128.29550776091816,2
LD_CB_BL21,13,112.4339814006637,2
LD_CB_NGM,1,244.18928790136755,2
LD_CB_NGM,1,247.08372855461766,2
LD_CB_NGM,1,238.36938787570656,2
LD_CB_NGM,1,352.8157840324468,2
LD_CB_NGM,1,261.4760133821126,2
LD_CB_NGM,1,248.3240191650686,2
LD_CB_NGM,1,280.8412920572642,2
LD_CB_NGM,1,271.02469128239863,2
LD_CB_NGM,1,173.6450684917059,2
LD_CB_NGM,1,266.53824121356945,2
LD_CB_NGM,1,154.1405499382852,2
LD_CB_NGM,2,198.54763484974265,2
LD_CB_NGM,2,233.3212117433298,2
LD_CB_NGM,2,116.20344089316475,2
LD_CB_NGM,2,218.00969433476635,2
LD_CB_NGM,2,226.30928799027498,2
LD_CB_NGM,2,111.06523664818326,2
LD_CB_NGM,2,269.9726313179394,2
LD_CB_NGM,2,190.023634953673,2
LD_CB_NGM,2,188.08855651270176,2
LD_CB_NGM,2,218.81101812307833,2
LD_CB_NGM,2,199.02745603415218,2
LD_CB_NGM,3,310.13892452269727,2
LD_CB_NGM,3,316.8512996648316,2
LD_CB_NGM,3,275.3872410332856,2
LD_CB_NGM,3,321.2267177684973,2
LD_CB_NGM,3,301.7610967487465,2
LD_CB_NGM,3,276.97815983736234,2
LD_CB_NGM,3,345.9562626724325,2
LD_CB_NGM,3,322.5740843602179,2
LD_CB_NGM,3,276.8232615011915,2
LD_CB_NGM,4,195.68532996744744,2
LD_CB_NGM,4,239.65438834865844,2
LD_CB_NGM,4,198.021765217217,2
LD_CB_NGM,4,193.84768068489288,2
LD_CB_NGM,4,204.7614366170862,2
LD_CB_NGM,4,213.13174696520977,2
LD_CB_NGM,4,225.78383983829704,2
LD_CB_NGM,4,232.73517662236577,2
LD_CB_NGM,4,237.7683665233556,2
LD_CB_NGM,4,205.62720603197923,2
LD_CB_NGM,4,192.99397682836698,2
LD_CB_NGM,5,272.14295598428,2
LD_CB_NGM,5,302.69910597263504,2
LD_CB_NGM,5,313.8590948271798,2
LD_CB_NGM,5,332.6979818189581,2
LD_CB_NGM,5,325.4882502340723,2
LD_CB_NGM,6,179.98948105827827,2
LD_CB_NGM,6,204.40192861446127,2
LD_CB_NGM,6,193.77743425719163,2
LD_CB_NGM,6,331.39842658550924,2
LD_CB_NGM,6,253.59731263625667,2
LD_CB_NGM,6,248.97471462664166,2
LD_CB_NGM,6,344.61277590260795,2
LD_CB_NGM,6,283.48305167357796,2
LD_CB_NGM,6,221.61687366272832,2
LD_CB_NGM,6,163.45466086254382,2
LD_CB_NGM,6,109.11723490123079,2
LD_CB_NGM,7,338.6239495057872,2
LD_CB_NGM,7,274.0236552191095,2
LD_CB_NGM,7,355.1710394371184,2
LD_CB_NGM,7,340.33499687754653,2
LD_CB_NGM,7,271.1430762005378,2
LD_CB_NGM,7,321.0119042675923,2
LD_CB_NGM,7,319.9299390931281,2
LD_CB_NGM,7,331.7190872210318,2
LD_CB_NGM,7,258.44993891741376,2
LD_CB_NGM,7,371.53377229946943,2
LD_CB_NGM,7,316.29047732445633,2
LD_CB_NGM,8,154.37807207488655,2
LD_CB_NGM,8,159.86939724943983,2
LD_CB_NGM,8,279.4012668138056,2
LD_CB_NGM,8,252.1603496280805,2
LD_CB_NGM,8,212.462117757432,2
LD_CB_NGM,8,192.58628655902993,2
LD_CB_NGM,8,147.06721783858376,2
LD_CB_NGM,8,207.23468626597622,2
LD_CB_NGM,8,130.4338599561441,2
LD_CB_NGM,8,140.33318256194383,2
LD_CB_NGM,9,300.85605243381394,2
LD_CB_NGM,9,287.57580801851765,2
LD_CB_NGM,9,217.87219567994742,2
LD_CB_NGM,9,184.6368559110578,2
LD_CB_NGM,9,189.74580992169044,2
LD_CB_NGM,9,220.6058264672418,2
LD_CB_NGM,9,171.65589467121328,2
LD_CB_NGM,9,154.8713524913986,2
LD_CB_NGM,10,230.2685057500109,2
LD_CB_NGM,11,144.49093229541637,2
LD_CB_NGM,11,118.8432460072474,2
LD_CB_NGM,12,206.47494634314899,2
LD_CB_NGM,12,191.73827481492944,2
LD_CB_NGM,13,235.14197597682,2
LD_CB_NGM,14,259.71750529178286,2
LD_CB_NGM,15,224.03250942738478,2
LD_CB_NGM,15,176.52233911277568,2
LD_CB_NGM,15,200.14674815561276,2
LD_CB_NGM,15,167.70251561007242,2
LD_CB_NGM,15,245.5742062859199,2
LD_CB_NGM,15,203.77936628936908,2
LD_CB_NGM,15,139.22424198508787,2
LD_CB_NGM,15,149.242056509389,2
LD_CB_NGM,15,96.59534213728354,2
LD_CB_NGM,15,109.35769129613773,2
LD_CB_NGM,15,156.69497964447197,2
LD_CB_NGM,16,191.19521651581474,2
LD_CB_NGM,16,197.60205377752322,2
LD_CB_NGM,16,149.67023054914506,2
LD_CB_NGM,16,170.86420750907604,2
LD_CB_NGM,16,227.3131868075362,2
LD_CB_NGM,16,221.60055443093228,2
LD_CB_NGM,16,175.9657196879054,2
LD_CB_NGM,16,232.37694473900484,2
LD_CB_NGM,16,200.17395696418814,2
LD_CB_NGM,16,196.6216241870966,2
LD_CB_NGM,16,223.34935905753855,2
LD_CB_NGM,17,281.29189346916144,2
LD_CB_NGM,17,254.06809566523393,2
LD_CB_NGM,17,342.5130655816307,2
LD_CB_NGM,17,148.53115111537576,2
LD_CB_NGM,17,252.6832403873128,2
LD_CB_NGM,17,291.43850649976065,2
LD_CB_NGM,17,339.66183739682356,2
LD_MT_BL21,1,179.0082408807945,2
LD_MT_BL21,1,121.54055544967673,2
LD_MT_BL21,1,40.40152938610111,2
LD_MT_BL21,1,125.35706437278341,2
LD_MT_BL21,1,193.91263884499426,2
LD_MT_BL21,1,95.22010937383698,2
LD_MT_BL21,1,78.75274750943534,2
LD_MT_BL21,1,198.58482105230496,2
LD_MT_BL21,1,84.37193999302215,2
LD_MT_BL21,1,67.21820977453379,2
LD_MT_BL21,1,71.36709877577826,2
LD_MT_BL21,2,142.11341764239435,2
LD_MT_BL21,2,55.66514842187631,2
LD_MT_BL21,2,152.98843766106478,2
LD_MT_BL21,2,141.90642005615388,2
LD_MT_BL21,2,142.46855646890648,2
LD_MT_BL21,2,205.59839875123174,2
LD_MT_BL21,2,111.57985457066873,2
LD_MT_BL21,2,97.09851922669972,2
LD_MT_BL21,2,97.15349716484073,2
LD_MT_BL21,2,108.16508402627389,2
LD_MT_BL21,2,115.84471138745292,2
LD_MT_BL21,3,147.67425135146135,2
LD_MT_BL21,3,124.8686420372117,2
LD_MT_BL21,3,102.26259408197437,2
LD_MT_BL21,3,152.49478638615565,2
LD_MT_BL21,3,167.87006089754303,2
LD_MT_BL21,3,212.90835432391106,2
LD_MT_BL21,3,154.5425497620139,2
LD_MT_BL21,3,109.49624767134135,2
LD_MT_BL21,3,103.7619223336767,2
LD_MT_BL21,3,110.35276749822033,2
LD_MT_BL21,4,189.2360656568522,2
LD_MT_BL21,4,135.56375405994424,2
LD_MT_BL21,4,77.43525421242207,2
LD_MT_BL21,4,73.1534301838057,2
LD_MT_BL21,4,102.46594798225578,2
LD_MT_BL21,4,114.70359887417297,2
LD_MT_BL21,4,50.7807963752787,2
LD_MT_BL21,4,100.6064445741843,2
LD_MT_BL21,4,70.84481627323302,2
LD_MT_BL21,4,57.903682680396244,2
LD_MT_BL21,4,39.875155360848794,2
LD_MT_BL21,5,67.67918968467238,2
LD_MT_BL21,5,124.62494295792574,2
LD_MT_BL21,5,40.83478528899829,2
LD_MT_BL21,5,82.41732251748212,2
LD_MT_BL21,5,67.99882726459143,2
LD_MT_BL21,5,68.10033735806351,2
LD_MT_BL21,5,170.72160718049923,2
LD_MT_BL21,5,151.78719387038214,2
LD_MT_BL21,5,107.99992725421598,2
LD_MT_BL21,5,98.38758276065347,2
LD_MT_BL21,5,70.7440441699601,2
LD_MT_BL21,6,48.994696167608154,2
LD_MT_BL21,6,91.46778131577348,2
LD_MT_BL21,6,68.43375120552214,2
LD_MT_BL21,6,48.90389823367896,2
LD_MT_BL21,6,64.50422218698404,2
LD_MT_BL21,6,102.32001141639618,2
LD_MT_BL21,6,100.17706267030584,2
LD_MT_BL21,6,34.59802516505442,2
LD_MT_BL21,6,35.17431694312275,2
LD_MT_BL21,6,59.1369616364703,2
LD_MT_BL21,6,149.53519518285995,2
LD_MT_BL21,7,85.37880043705725,2
LD_MT_BL21,7,83.88389130796699,2
LD_MT_BL21,7,87.48491219416151,2
LD_MT_BL21,7,131.79528912088279,2
LD_MT_BL21,7,107.07463010062352,2
LD_MT_BL21,7,140.10870345807928,2
LD_MT_BL21,7,89.25354748214947,2
LD_MT_BL21,7,89.6471193782211,2
LD_MT_BL21,7,66.10925443432282,2
LD_MT_BL21,7,87.83025853947478,2
LD_MT_BL21,7,30.854497269360092,2
LD_MT_BL21,8,21.413204329009837,2
LD_MT_BL21,8,19.94632097701209,2
LD_MT_BL21,8,27.082076424215586,2
LD_MT_BL21,8,42.25603642694235,2
LD_MT_BL21,8,104.89841171305702,2
LD_MT_BL21,8,51.0419098070792,2
LD_MT_BL21,8,54.13357786026118,2
LD_MT_BL21,8,35.88850261088248,2
LD_MT_BL21,8,29.304687467461225,2
LD_MT_BL21,8,19.851503401221894,2
LD_MT_BL21,8,13.48622421774132,2
LD_MT_BL21,9,78.6034160616505,2
LD_MT_BL21,10,44.55759138672218,2
LD_MT_BL21,10,92.39154753082498,2
LD_MT_BL21,10,58.21653353558035,2
LD_MT_BL21,10,84.67062166621815,2
LD_MT_BL21,10,244.43227412659513,2
LD_MT_BL21,10,75.63105057075202,2
LD_MT_BL21,10,96.26309235452914,2
LD_MT_BL21,10,84.73473585214595,2
LD_MT_BL21,10,59.14511052796352,2
LD_MT_NGM,1,156.4832754561832,2
LD_MT_NGM,1,111.13674435572463,2
LD_MT_NGM,1,148.9996424382168,2
LD_MT_NGM,1,127.21821888335857,2
LD_MT_NGM,1,146.3832720312152,2
LD_MT_NGM,1,141.36271107950532,2
LD_MT_NGM,1,125.53070075075034,2
LD_MT_NGM,1,162.93209134388357,2
LD_MT_NGM,1,96.05691024764155,2
LD_MT_NGM,1,140.7123716360298,2
LD_MT_NGM,1,112.92276171363403,2
LD_MT_NGM,2,212.1346611430975,2
LD_MT_NGM,2,188.23892045824044,2
LD_MT_NGM,2,216.36634116659857,2
LD_MT_NGM,2,240.41620213981645,2
LD_MT_NGM,2,155.17712292002636,2
LD_MT_NGM,2,365.0010905403325,2
LD_MT_NGM,2,207.8334040621549,2
LD_MT_NGM,2,253.7544807028362,2
LD_MT_NGM,2,249.10803495763236,2
LD_MT_NGM,2,230.56058478172616,2
LD_MT_NGM,2,214.0961162859221,2
LD_MT_NGM,3,126.72000103735786,2
LD_MT_NGM,3,75.12772414963695,2
LD_MT_NGM,3,187.28349353570113,2
LD_MT_NGM,3,138.84035181612396,2
LD_MT_NGM,3,146.83358794306335,2
LD_MT_NGM,3,164.66395078908604,2
LD_MT_NGM,3,136.37735874619995,2
LD_MT_NGM,3,187.91803781392372,2
LD_MT_NGM,3,200.76885583334393,2
LD_MT_NGM,4,188.97145791736511,2
LD_MT_NGM,4,176.70046441443316,2
LD_MT_NGM,4,171.382872402724,2
LD_MT_NGM,4,145.09558016229153,2
LD_MT_NGM,4,55.53387720917982,2
LD_MT_NGM,4,81.86069319736292,2
LD_MT_NGM,4,120.06179325080339,2
LD_MT_NGM,4,128.00989461605587,2
LD_MT_NGM,4,71.94989010103006,2
LD_MT_NGM,4,162.86133985036003,2
LD_MT_NGM,4,154.4802924355351,2
LD_MT_NGM,5,285.0803159191255,2
LD_MT_NGM,5,274.7308805752352,2
LD_MT_NGM,7,190.41890884464027,2
LD_MT_NGM,8,163.39027433730365,2
LD_MT_NGM,8,158.26006529821703,2
LD_MT_NGM,8,168.85709301858054,2
LD_MT_NGM,9,261.59395428526113,2
LD_MT_NGM,9,249.713001229047,2
LD_MT_NGM,9,201.9256865997787,2
LD_MT_NGM,9,162.03095382432738,2
LD_MT_NGM,9,348.9750942855859,2
LD_MT_NGM,9,206.06827390547318,2
LD_MT_NGM,9,186.75151848554444,2
LD_MT_NGM,9,231.93075766106213,2
LD_MT_NGM,9,242.74765880173123,2
LD_MT_NGM,9,238.31665834317118,2
LD_MT_NGM,9,248.0482110862365,2
LD_MT_NGM,10,156.56146143533903,2
LD_MT_NGM,10,222.00004768253044,2
LD_MT_NGM,10,239.39157630236315,2
LD_MT_NGM,10,219.63558004353627,2
LD_MT_NGM,10,196.7857474289797,2
LD_MT_NGM,10,268.1099448854003,2
LD_MT_NGM,10,162.49940101808883,2
LD_MT_NGM,10,174.61010495812002,2
LD_MT_NGM,10,215.43004383589997,2
LD_MT_NGM,10,127.56192032675067,2
LD_MT_NGM,10,190.20177119003367,2
LD_MT_NGM,11,90.16196027057765,2
LD_MT_NGM,11,140.86777399310222,2
LD_MT_NGM,11,130.9600794423805,2
LD_MT_NGM,11,139.13447693615913,2
LD_MT_NGM,11,104.6558555968772,2
LD_MT_NGM,11,114.57630882801857,2
LD_MT_NGM,11,93.42095378700193,2
LD_MT_NGM,11,102.57392985628633,2
LD_MT_NGM,11,142.8458584388171,2
LD_MT_NGM,12,162.07406183517742,2
LD_MT_NGM,12,184.31085641365263,2
LD_MT_NGM,12,160.27119609474627,2
LD_MT_NGM,12,193.99386973459895,2
LD_MT_NGM,12,164.1521865183567,2
LD_MT_NGM,13,204.18191913664506,2
LD_MT_NGM,13,185.92358841333453,2
LD_MT_NGM,13,218.0917631084621,2
LD_MT_NGM,13,168.41589788035995,2
LD_MT_NGM,13,285.2232051896106,2
LD_MT_NGM,13,122.79242727721046,2
LD_MT_NGM,13,210.93268016543516,2
LD_MT_NGM,13,194.34753463159487,2
LD_MT_NGM,13,120.48485385156019,2
LD_MT_NGM,13,137.35638777865842,2
LD_MT_NGM,13,183.10038161355814,2
LD_MT_NGM,14,218.64543943010455,2
LD_MT_NGM,14,268.8255646239988,2
LD_MT_NGM,14,167.21177746867363,2
LD_MT_NGM,14,125.29474426434562,2
LD_MT_NGM,14,157.97375084802852,2
LD_MT_NGM,14,108.7394410579922,2
LD_MT_NGM,14,136.04536360141526,2
LD_MT_NGM,14,150.4797881680153,2
LD_MT_NGM,14,293.04596767216674,2
LD_MT_NGM,14,290.8697624102417,2
LD_MT_NGM,14,301.39364368816655,2
LD_MT_NGM,15,183.7711312032876,2
LD_MT_NGM,15,140.9413021479141,2
LD_MT_NGM,15,114.18746766798503,2
LD_MT_NGM,15,181.3005745351068,2
LD_MT_NGM,15,269.0094477556416,2
LD_MT_NGM,15,208.72731979589912,2
LD_MT_NGM,15,115.7609591425012,2
LD_MT_NGM,15,241.46024695553834,2
LD_MT_NGM,15,84.9735446033485,2
LD_MT_NGM,15,161.4079014772058,2
LD_MT_NGM,15,194.8048771791211,2
M9_N2_BL21,1,228.76005556961246,2
M9_N2_BL21,2,271.7020617968666,2
M9_N2_BL21,2,300.1581713025237,2
M9_N2_BL21,2,298.1550908564147,2
M9_N2_BL21,2,294.38864383869685,2
M9_N2_BL21,2,226.30680179662963,2
M9_N2_BL21,2,251.1520183452747,2
M9_N2_BL21,3,310.7215282823393,2
M9_N2_BL21,3,315.6321909911727,2
M9_N2_BL21,3,223.46409883464952,2
M9_N2_BL21,4,278.20268359629813,2
M9_N2_BL21,4,253.95492906308291,2
M9_N2_BL21,4,254.91455088920173,2
M9_N2_BL21,4,309.01405977819553,2
M9_N2_BL21,5,257.38078731279467,2
M9_N2_BL21,6,146.4617254240559,2
M9_N2_BL21,6,160.81504624343802,2
M9_N2_BL21,6,109.27512156866305,2
M9_N2_BL21,6,140.46799762627376,2
M9_N2_BL21,6,105.06723780433992,2
M9_N2_BL21,6,93.72519724758578,2
M9_N2_BL21,6,136.94534387396124,2
M9_N2_BL21,6,128.84701361412385,2
M9_N2_BL21,6,167.7092057593654,2
M9_N2_BL21,6,196.31648001498502,2
M9_N2_BL21,6,195.84613088072692,2
M9_N2_BL21,7,174.36946578888507,2
M9_N2_BL21,7,283.45894526699647,2
M9_N2_BL21,7,150.02165889854257,2
M9_N2_BL21,7,92.5235312728427,2
M9_N2_BL21,7,83.70190578153847,2
M9_N2_BL21,7,64.90716392984363,2
M9_N2_BL21,7,146.92766660970864,2
M9_N2_BL21,7,182.12627541370233,2
M9_N2_BL21,7,136.22731298841663,2
M9_N2_BL21,7,151.03873070014396,2
M9_N2_BL21,7,139.5920585692142,2
M9_N2_BL21,8,52.21634362781664,2
M9_N2_BL21,8,52.09287711656386,2
M9_N2_BL21,8,64.94159298845096,2
M9_N2_BL21,8,95.9180559064826,2
M9_N2_BL21,8,82.44232181145614,2
M9_N2_BL21,8,52.561426791561516,2
M9_N2_BL21,8,78.57463753549817,2
M9_N2_BL21,8,44.86725088107829,2
M9_N2_BL21,8,45.57545777647107,2
M9_N2_BL21,8,52.66485079796026,2
M9_N2_BL21,8,29.27481039294462,2
M9_N2_BL21,9,134.6524050000698,2
M9_N2_BL21,9,158.9437299193641,2
M9_N2_BL21,9,138.66200341040832,2
M9_N2_BL21,9,127.41218703276559,2
M9_N2_BL21,9,164.84625665173806,2
M9_N2_BL21,9,86.44101223619282,2
M9_N2_BL21,9,173.21110408391974,2
M9_N2_BL21,9,152.4067555661552,2
M9_N2_BL21,9,180.85000400467894,2
M9_N2_BL21,9,82.08025141022952,2
M9_N2_BL21,9,196.39560814330594,2
M9_N2_BL21,10,137.95325293958777,2
M9_N2_BL21,10,155.40639657315268,2
M9_N2_BL21,10,185.2825619486046,2
M9_N2_BL21,11,114.20392478823798,2
M9_N2_BL21,11,157.79470788748725,2
M9_N2_BL21,11,188.649610114508,2
M9_N2_BL21,11,173.25419879633844,2
M9_N2_BL21,11,190.77632096634807,2
M9_N2_BL21,11,169.85397559451835,2
M9_N2_BL21,11,166.67486953965346,2
M9_N2_BL21,11,175.9558552641081,2
M9_N2_BL21,12,60.67282503658489,2
M9_N2_BL21,12,76.37286643543246,2
M9_N2_BL21,12,93.45122738576809,2
M9_N2_BL21,12,50.25237127682536,2
M9_N2_BL21,12,82.77604569224751,2
M9_N2_BL21,12,125.2214200476067,2
M9_N2_BL21,12,106.95700652028745,2
M9_N2_BL21,12,82.69227492763548,2
M9_N2_BL21,12,114.54508937916391,2
M9_N2_BL21,12,94.8679812378266,2
M9_N2_BL21,12,112.82105148140272,2
M9_N2_BL21,13,93.32349466468449,2
M9_N2_BL21,13,95.93791570636026,2
M9_N2_BL21,13,101.25400176416609,2
M9_N2_BL21,13,79.05361053998028,2
M9_N2_BL21,13,133.25088483807977,2
M9_N2_BL21,13,125.81720798955682,2
M9_N2_BL21,13,130.73342891090954,2
M9_N2_BL21,13,139.9951747509555,2
M9_N2_BL21,14,199.79698685346324,2
M9_N2_BL21,14,192.57196976889762,2
M9_N2_BL21,15,117.05048207051634,2
M9_N2_BL21,15,125.43647642523028,2
M9_N2_BL21,15,108.8472908204573,2
M9_N2_BL21,15,123.83720241580531,2
M9_N2_BL21,15,159.00612734220402,2
M9_N2_BL21,15,167.34943371755165,2
M9_N2_BL21,16,235.0642583437903,2
M9_N2_BL21,16,207.14291954167487,2
M9_N2_BL21,16,200.83027098653446,2
M9_N2_BL21,16,202.49535757779628,2
M9_N2_BL21,16,211.69161578361587,2
M9_N2_NGM,1,246.92669099935023,2
M9_N2_NGM,1,324.87492816132004,2
M9_N2_NGM,1,316.26537027140824,2
M9_N2_NGM,1,176.56859738554664,2
M9_N2_NGM,1,141.24169402591036,2
M9_N2_NGM,1,167.27680139451627,2
M9_N2_NGM,1,154.4953345378629,2
M9_N2_NGM,1,130.34408717701095,2
M9_N2_NGM,1,158.95077361803237,2
M9_N2_NGM,1,120.8362668277716,2
M9_N2_NGM,2,312.4112337197041,2
M9_N2_NGM,2,316.01252389567856,2
M9_N2_NGM,3,324.86426947146174,2
M9_N2_NGM,3,323.81523993660323,2
M9_N2_NGM,3,331.61741540575275,2
M9_N2_NGM,3,323.044044949395,2
M9_N2_NGM,3,307.2196168647711,2
M9_N2_NGM,3,325.7403535072495,2
M9_N2_NGM,3,406.2277967461911,2
M9_N2_NGM,3,322.1488247216953,2
M9_N2_NGM,3,327.362885455046,2
M9_N2_NGM,3,328.6814566860761,2
M9_N2_NGM,3,388.8148250833531,2
M9_N2_NGM,5,254.9378918829562,2
M9_N2_NGM,6,326.594236096138,2
M9_N2_NGM,7,206.70469883202333,2
M9_N2_NGM,7,252.16072217672354,2
M9_N2_NGM,7,265.5093530070279,2
M9_N2_NGM,7,279.86918763869585,2
M9_N2_NGM,7,260.08931054744323,2
M9_N2_NGM,7,328.47613607118063,2
M9_N2_NGM,7,302.78206189861413,2
M9_N2_NGM,7,284.7933511123998,2
M9_N2_NGM,7,219.24850253182075,2
M9_N2_NGM,7,214.7668820879585,2
M9_N2_NGM,7,320.6149157209243,2
M9_N2_NGM,8,212.30200002191742,2
M9_N2_NGM,8,224.62128643551196,2
M9_N2_NGM,8,309.5252237349687,2
M9_N2_NGM,8,326.23231785957677,2
M9_N2_NGM,8,328.6144588793568,2
M9_N2_NGM,8,314.28361549124855,2
M9_N2_NGM,8,371.489151537238,2
M9_N2_NGM,8,227.93865931642972,2
M9_N2_NGM,8,305.6075319072121,2
M9_N2_NGM,8,245.52666429785305,2
M9_N2_NGM,8,340.46688734483644,2
M9_N2_NGM,9,299.4334746947926,2
M9_N2_NGM,9,371.35567502408946,2
M9_N2_NGM,9,335.43539469766546,2
M9_N2_NGM,9,276.3271911709638,2
M9_N2_NGM,9,352.3165702958229,2
M9_N2_NGM,9,419.8953738850843,2
M9_N2_NGM,9,247.89440127529596,2
M9_N2_NGM,9,230.5185492917325,2
M9_N2_NGM,9,392.180173724973,2
M9_N2_NGM,9,205.8796497929567,2
M9_N2_NGM,9,211.45538679627717,2
M9_N2_NGM,11,226.3633066233828,2
M9_N2_NGM,11,248.78900118028417,2
M9_N2_NGM,11,197.7483286771132,2
M9_N2_NGM,11,206.23352580070042,2
M9_N2_NGM,12,290.8137501968329,2
M9_N2_NGM,12,252.3672694410343,2
M9_N2_NGM,12,194.49888342476544,2
M9_N2_NGM,12,220.543411129136,2
M9_N2_NGM,12,232.68182321428458,2
M9_N2_NGM,12,282.83317323569315,2
M9_N2_NGM,12,280.99754334820653,2
M9_N2_NGM,12,234.6998143383641,2
M9_N2_NGM,12,203.20263586864806,2
M9_N2_NGM,12,210.1386426081488,2
M9_N2_NGM,12,192.0130874954078,2
M9_N2_NGM,13,294.2848840314251,2
M9_N2_NGM,13,241.79133433460407,2
M9_N2_NGM,13,266.8853505349515,2
M9_N2_NGM,13,297.4851481338384,2
M9_N2_NGM,13,276.2396555303703,2
M9_N2_NGM,13,290.40047381319516,2
M9_N2_NGM,13,260.3167985055714,2
M9_N2_NGM,13,220.53504457312815,2
M9_N2_NGM,13,245.47856792897056,2
M9_N2_NGM,13,176.62539200329724,2
M9_N2_NGM,13,209.29148491292148,2
M9_N2_NGM,14,229.08653520443062,2
M9_N2_NGM,14,205.21981860347077,2
M9_N2_NGM,14,208.93549310617436,2
M9_N2_NGM,14,211.79315028628858,2
M9_N2_NGM,14,206.4438202195072,2
M9_N2_NGM,14,192.29132758916586,2
M9_N2_NGM,14,240.81258354979195,2
M9_N2_NGM,14,221.2200440652479,2
M9_N2_NGM,14,202.58182614723736,2
M9_N2_NGM,14,201.6851234128241,2
M9_N2_NGM,14,238.31639064895415,2
M9_N2_NGM,15,327.87040939516,2
M9_N2_NGM,15,242.74616227025643,2
M9_N2_NGM,15,286.26646799538867,2
M9_N2_NGM,15,295.65553733910724,2
M9_N2_NGM,15,287.9472223953354,2
M9_N2_NGM,15,317.83766127920677,2
M9_N2_NGM,15,298.84202777653627,2
M9_N2_NGM,15,322.8402165186488,2
M9_N2_NGM,15,320.1346058190153,2
M9_N2_NGM,15,175.97660783741034,2
M9_N2_NGM,15,198.7427439989272,2
M9_N2_NGM,16,202.73970708436403,2
M9_N2_NGM,16,214.8264767274026,2
M9_N2_NGM,17,233.37949072479705,2
M9_N2_NGM,17,260.3471641308537,2
M9_N2_NGM,17,274.03114789661385,2
M9_N2_NGM,17,292.11715372955166,2
M9_N2_NGM,17,290.9052742000913,2
M9_CB_BL21,1,274.361422826428,2
M9_CB_BL21,1,237.46514743342178,2
M9_CB_BL21,1,278.5473806111869,2
M9_CB_BL21,1,259.6977877913914,2
M9_CB_BL21,1,223.91789531543296,2
M9_CB_BL21,1,277.2285716287829,2
M9_CB_BL21,1,181.0276362093259,2
M9_CB_BL21,1,252.56903509344525,2
M9_CB_BL21,1,263.8348754801299,2
M9_CB_BL21,1,294.6987544881477,2
M9_CB_BL21,1,299.551053867628,2
M9_CB_BL21,2,292.0340361007511,2
M9_CB_BL21,2,264.8362323502431,2
M9_CB_BL21,2,208.34226155723445,2
M9_CB_BL21,2,237.27933576241352,2
M9_CB_BL21,2,266.7545243915029,2
M9_CB_BL21,2,254.09953391450125,2
M9_CB_BL21,2,325.3880052641754,2
M9_CB_BL21,2,191.26986734700364,2
M9_CB_BL21,2,311.3384660934821,2
M9_CB_BL21,2,252.34881879149688,2
M9_CB_BL21,2,274.3624687059767,2
M9_CB_BL21,3,222.51962458551452,2
M9_CB_BL21,3,264.76424864554326,2
M9_CB_BL21,3,269.94559715912396,2
M9_CB_BL21,3,310.7533328416679,2
M9_CB_BL21,3,251.07659369941143,2
M9_CB_BL21,4,256.5370386969362,2
M9_CB_BL21,4,259.7650289274917,2
M9_CB_BL21,4,302.68842924922865,2
M9_CB_BL21,4,278.39908493860366,2
M9_CB_BL21,4,299.2127561777134,2
M9_CB_BL21,4,189.28072753152117,2
M9_CB_BL21,4,337.1781677712553,2
M9_CB_BL21,4,288.6579496662408,2
M9_CB_BL21,5,274.9422034728444,2
M9_CB_BL21,5,270.40842318614494,2
M9_CB_BL21,5,217.5266154324476,2
M9_CB_BL21,5,184.21025785595012,2
M9_CB_BL21,5,186.01912815562272,2
M9_CB_BL21,6,130.92901406851598,2
M9_CB_BL21,6,164.3152577483808,2
M9_CB_BL21,6,219.89922702860196,2
M9_CB_BL21,6,234.13173796541622,2
M9_CB_BL21,6,202.40811483361134,2
M9_CB_BL21,6,219.2448893244014,2
M9_CB_BL21,6,172.28304320678117,2
M9_CB_BL21,6,104.3931442635539,2
M9_CB_BL21,6,99.01348445280809,2
M9_CB_BL21,6,153.04890958483628,2
M9_CB_BL21,6,188.24865079549448,2
M9_CB_BL21,7,173.8035955752923,2
M9_CB_BL21,7,156.2651187796527,2
M9_CB_BL21,7,206.06363770186636,2
M9_CB_BL21,7,248.65691187726597,2
M9_CB_BL21,7,205.55275988715215,2
M9_CB_BL21,7,168.07623465181388,2
M9_CB_BL21,8,223.54253344642848,2
M9_CB_BL21,8,199.5157396037258,2
M9_CB_BL21,8,153.0666527419067,2
M9_CB_BL21,8,170.9970416298325,2
M9_CB_BL21,8,189.37729613760203,2
M9_CB_BL21,8,197.07727966925788,2
M9_CB_BL21,8,183.24263880462263,2
M9_CB_BL21,9,169.44053866316568,2
M9_CB_BL21,9,167.0117037886846,2
M9_CB_BL21,9,212.22585418397392,2
M9_CB_BL21,9,202.37499981357516,2
M9_CB_BL21,9,152.02487189251445,2
M9_CB_BL21,9,190.4571222010685,2
M9_CB_BL21,9,177.16828903453336,2
M9_CB_BL21,10,161.3565231043563,2
M9_CB_BL21,10,198.0371598397854,2
M9_CB_BL21,10,178.57665557329298,2
M9_CB_BL21,10,129.7535465001514,2
M9_CB_BL21,10,134.12698190386527,2
M9_CB_BL21,10,231.15350152062257,2
M9_CB_BL21,10,221.37820645090488,2
M9_CB_BL21,10,257.25756335198855,2
M9_CB_BL21,11,50.753557867347695,2
M9_CB_BL21,11,38.99625764501319,2
M9_CB_BL21,11,30.30764939795488,2
M9_CB_BL21,11,75.63898615667199,2
M9_CB_BL21,11,90.18425482851671,2
M9_CB_BL21,11,126.42996916464669,2
M9_CB_BL21,11,67.22688491112842,2
M9_CB_BL21,11,110.92603470759192,2
M9_CB_BL21,11,79.12995280665527,2
M9_CB_BL21,11,67.94933791469336,2
M9_CB_BL21,11,53.581949919064435,2
M9_CB_NGM,1,196.36770993481773,2
M9_CB_NGM,1,231.63450703485978,2
M9_CB_NGM,1,256.1554549036875,2
M9_CB_NGM,1,196.85232166481984,2
M9_CB_NGM,1,158.09612979034813,2
M9_CB_NGM,1,173.86555252661597,2
M9_CB_NGM,1,235.54721778820104,2
M9_CB_NGM,1,283.13923475967596,2
M9_CB_NGM,1,137.39839654140297,2
M9_CB_NGM,1,165.3319640391926,2
M9_CB_NGM,2,382.1913060912799,2
M9_CB_NGM,2,309.66178858195275,2
M9_CB_NGM,2,309.18832437361516,2
M9_CB_NGM,2,329.89477944273443,2
M9_CB_NGM,2,348.24309512375555,2
M9_CB_NGM,2,297.39300974448804,2
M9_CB_NGM,2,307.02912939601936,2
M9_CB_NGM,2,342.003988739447,2
M9_CB_NGM,2,291.2682788813124,2
M9_CB_NGM,2,211.81490304888038,2
M9_CB_NGM,2,263.4332297516773,2
M9_CB_NGM,3,269.0754170389321,2
M9_CB_NGM,3,279.5498941595624,2
M9_CB_NGM,3,299.6226626972301,2
M9_CB_NGM,3,366.1584628624054,2
M9_CB_NGM,3,283.46009723195345,2
M9_CB_NGM,3,302.39550548394243,2
M9_CB_NGM,3,268.3156638207341,2
M9_CB_NGM,3,270.59297917183534,2
M9_CB_NGM,3,312.38967263881653,2
M9_CB_NGM,3,299.88376319424844,2
M9_CB_NGM,3,303.8364319825508,2
M9_CB_NGM,4,292.5959053002165,2
M9_CB_NGM,4,247.69737563251752,2
M9_CB_NGM,4,189.1037675244406,2
M9_CB_NGM,4,339.8597946029435,2
M9_CB_NGM,4,284.55729266694726,2
M9_CB_NGM,4,340.9489557650663,2
M9_CB_NGM,4,265.17635897224153,2
M9_CB_NGM,4,241.49488177176505,2
M9_CB_NGM,4,221.57492058131191,2
M9_CB_NGM,4,286.3418418577692,2
M9_CB_NGM,4,212.61175458471524,2
M9_CB_NGM,5,394.67288118659246,2
M9_CB_NGM,5,330.42299042774516,2
M9_CB_NGM,5,264.4309937186201,2
M9_CB_NGM,5,365.94873077977905,2
M9_CB_NGM,5,407.8057462428955,2
M9_CB_NGM,5,353.71930130713247,2
M9_CB_NGM,5,344.89586174519656,2
M9_CB_NGM,5,388.066074748314,2
M9_CB_NGM,5,241.2918670878743,2
M9_CB_NGM,5,241.00060836423123,2
M9_CB_NGM,5,265.4791436568122,2
M9_CB_NGM,6,159.20497110801008,2
M9_CB_NGM,6,250.52738004233552,2
M9_CB_NGM,6,147.23749343575682,2
M9_CB_NGM,6,145.63535825198628,2
M9_CB_NGM,6,139.457352433093,2
M9_CB_NGM,6,181.60734667460397,2
M9_CB_NGM,6,110.43101011159413,2
M9_CB_NGM,6,90.49846482851822,2
M9_CB_NGM,6,111.11471324882805,2
M9_CB_NGM,6,127.50611595967875,2
M9_CB_NGM,6,94.32856559031563,2
M9_CB_NGM,7,75.84201876907368,2
M9_CB_NGM,7,67.64632465450248,2
M9_CB_NGM,7,151.6087493673477,2
M9_CB_NGM,7,107.82309928480007,2
M9_CB_NGM,7,85.66272386396766,2
M9_CB_NGM,7,117.58321377784439,2
M9_CB_NGM,7,61.790428686126894,2
M9_CB_NGM,8,179.98985186900896,2
M9_CB_NGM,8,172.09731363163442,2
M9_CB_NGM,8,188.06104094105257,2
M9_CB_NGM,8,218.10203229658774,2
M9_CB_NGM,8,203.48457207183543,2
M9_CB_NGM,8,302.68357546956196,2
M9_CB_NGM,8,273.8031232473669,2
M9_CB_NGM,8,129.5522247205412,2
M9_CB_NGM,8,161.1650907854587,2
M9_CB_NGM,8,209.2089810482193,2
M9_CB_NGM,8,229.0932336957806,2
M9_CB_NGM,9,195.78938714680515,2
M9_CB_NGM,9,181.05020195811835,2
M9_CB_NGM,9,199.43135910732832,2
M9_CB_NGM,9,138.31461685494625,2
M9_CB_NGM,9,236.31539939562208,2
M9_CB_NGM,10,251.8245961729636,2
M9_CB_NGM,10,277.72159649958576,2
M9_CB_NGM,10,222.12074921464742,2
M9_CB_NGM,10,161.0938571401933,2
M9_CB_NGM,10,190.9118290602642,2
M9_CB_NGM,10,223.0516278659964,2
M9_CB_NGM,10,199.3693735734004,2
M9_CB_NGM,10,234.46824955031042,2
M9_CB_NGM,10,274.7990791925233,2
M9_CB_NGM,10,139.33800636582805,2
M9_CB_NGM,10,374.8866670424168,2
M9_CB_NGM,11,154.12866291212825,2
M9_CB_NGM,11,278.2143181148916,2
M9_CB_NGM,11,245.55807731587316,2
M9_CB_NGM,11,361.5736756490558,2
M9_CB_NGM,11,194.80365856259223,2
M9_CB_NGM,13,176.99805076534557,2
M9_CB_NGM,13,181.7066300478736,2
M9_CB_NGM,13,184.4599847045668,2
M9_CB_NGM,13,276.18837749397034,2
M9_MT_BL21,1,238.26520484434218,2
M9_MT_BL21,1,222.23574024629437,2
M9_MT_BL21,1,206.1965477868486,2
M9_MT_BL21,1,240.51055018423108,2
M9_MT_BL21,1,168.39079496089022,2
M9_MT_BL21,1,192.97384858937139,2
M9_MT_BL21,1,172.83661721959643,2
M9_MT_BL21,1,246.03541756987997,2
M9_MT_BL21,1,198.91309603283554,2
M9_MT_BL21,1,131.54965424768147,2
M9_MT_BL21,1,239.6870239188494,2
M9_MT_BL21,2,256.7135664694924,2
M9_MT_BL21,2,301.4936478235926,2
M9_MT_BL21,2,307.8163295484149,2
M9_MT_BL21,2,251.44594699162218,2
M9_MT_BL21,3,292.91998694012955,2
M9_MT_BL21,3,173.68215525069496,2
M9_MT_BL21,3,183.20517315429365,2
M9_MT_BL21,3,245.08250915100848,2
M9_MT_BL21,3,255.81853076583258,2
M9_MT_BL21,3,293.5170995645459,2
M9_MT_BL21,3,281.65361907756335,2
M9_MT_BL21,3,186.59656575503118,2
M9_MT_BL21,3,231.86160008424696,2
M9_MT_BL21,3,261.8072141589415,2
M9_MT_BL21,3,284.17166198785014,2
M9_MT_BL21,4,305.7371502178233,2
M9_MT_BL21,4,250.04489408721793,2
M9_MT_BL21,4,259.4253569140601,2
M9_MT_BL21,4,213.88708756826819,2
M9_MT_BL21,4,221.3364218944946,2
M9_MT_BL21,4,249.2286194278517,2
M9_MT_BL21,4,216.06231922191802,2
M9_MT_BL21,4,216.68170659815996,2
M9_MT_BL21,4,285.6863514934703,2
M9_MT_BL21,4,354.21819730604733,2
M9_MT_BL21,4,271.6215108915822,2
M9_MT_BL21,5,167.42515008204512,2
M9_MT_BL21,5,153.98379391751027,2
M9_MT_BL21,5,196.63463793784007,2
M9_MT_BL21,5,156.27476470022833,2
M9_MT_BL21,5,161.86097992046393,2
M9_MT_BL21,5,132.53390732115503,2
M9_MT_BL21,6,87.69880503405156,2
M9_MT_BL21,6,79.84979745954288,2
M9_MT_BL21,6,112.20643865057707,2
M9_MT_BL21,6,166.10767160868676,2
M9_MT_BL21,6,159.67030659037684,2
M9_MT_BL21,7,316.4406731995046,2
M9_MT_BL21,7,293.6520396151883,2
M9_MT_BL21,7,201.71203214822017,2
M9_MT_BL21,7,234.31369352183447,2
M9_MT_BL21,8,105.7963090515165,2
M9_MT_BL21,8,98.73058317942903,2
M9_MT_BL21,8,134.84359628554344,2
M9_MT_BL21,8,102.42425700780291,2
M9_MT_BL21,8,194.9459388713802,2
M9_MT_BL21,8,166.93121720935287,2
M9_MT_BL21,8,134.85221953015582,2
M9_MT_BL21,8,144.29612981953477,2
M9_MT_BL21,8,216.33573797630123,2
M9_MT_BL21,8,224.16816828471156,2
M9_MT_BL21,8,244.43084394839835,2
M9_MT_BL21,9,73.75437622068011,2
M9_MT_BL21,9,54.65389116439424,2
M9_MT_BL21,9,61.964083714062056,2
M9_MT_BL21,9,80.12650659804838,2
M9_MT_BL21,9,102.09160821837989,2
M9_MT_BL21,9,88.25177888655139,2
M9_MT_BL21,9,129.4465381786214,2
M9_MT_BL21,9,66.82561695575467,2
M9_MT_BL21,9,89.85325379924194,2
M9_MT_BL21,9,64.11217522421946,2
M9_MT_BL21,9,24.16940949581554,2
M9_MT_BL21,10,121.27637123368727,2
M9_MT_BL21,10,189.03002447974245,2
M9_MT_BL21,10,202.7032384397795,2
M9_MT_BL21,10,186.01709699020617,2
M9_MT_BL21,10,167.79106157605517,2
M9_MT_BL21,10,189.3754358370931,2
M9_MT_BL21,10,202.20277859852618,2
M9_MT_BL21,10,152.57729383673512,2
M9_MT_BL21,10,213.52949663148883,2
M9_MT_BL21,10,201.57392037234544,2
M9_MT_BL21,10,149.36462056792328,2
M9_MT_BL21,11,106.38912970825781,2
M9_MT_BL21,11,138.34127719416364,2
M9_MT_BL21,11,141.11044478588997,2
M9_MT_BL21,11,97.81311964839034,2
M9_MT_BL21,11,109.43822595792476,2
M9_MT_BL21,11,148.67803908563286,2
M9_MT_BL21,11,117.21071349802385,2
M9_MT_BL21,11,179.33412549799345,2
M9_MT_BL21,11,216.58640198674024,2
M9_MT_BL21,11,226.55786460436167,2
M9_MT_BL21,11,211.56225647383036,2
M9_MT_NGM,1,172.12079561193747,2
M9_MT_NGM,1,349.5544885162156,2
M9_MT_NGM,1,301.4566239572977,2
M9_MT_NGM,1,231.2511157495645,2
M9_MT_NGM,1,200.62450724279074,2
M9_MT_NGM,1,162.10692586115672,2
M9_MT_NGM,1,213.77116834025833,2
M9_MT_NGM,1,244.07484677798357,2
M9_MT_NGM,1,308.77592724337137,2
M9_MT_NGM,1,300.1888899457937,2
M9_MT_NGM,1,183.51414757104706,2
M9_MT_NGM,2,188.98894956589427,2
M9_MT_NGM,2,166.02971769453683,2
M9_MT_NGM,2,199.7057848247975,2
M9_MT_NGM,2,152.5167899672215,2
M9_MT_NGM,2,172.2456989129077,2
M9_MT_NGM,2,151.56452922131157,2
M9_MT_NGM,2,276.88042449861945,2
M9_MT_NGM,2,267.14687783335916,2
M9_MT_NGM,2,243.8435373936458,2
M9_MT_NGM,2,197.8788772111596,2
M9_MT_NGM,2,155.22507390422876,2
M9_MT_NGM,3,254.7264554987525,2
M9_MT_NGM,3,344.54435886515176,2
M9_MT_NGM,4,282.7981492688954,2
M9_MT_NGM,4,200.1825811827615,2
M9_MT_NGM,4,251.77514316869033,2
M9_MT_NGM,4,289.0981675827068,2
M9_MT_NGM,4,147.6182159752835,2
M9_MT_NGM,4,195.22822612080785,2
M9_MT_NGM,4,239.61748007878504,2
M9_MT_NGM,4,286.40580184682665,2
M9_MT_NGM,4,277.23863098016335,2
M9_MT_NGM,4,265.270130107466,2
M9_MT_NGM,4,205.92213085106437,2
M9_MT_NGM,5,250.66771072898828,2
M9_MT_NGM,5,304.6732417363144,2
M9_MT_NGM,5,217.93251700735982,2
M9_MT_NGM,5,188.6255979827021,2
M9_MT_NGM,5,156.78628815775372,2
M9_MT_NGM,5,259.6810460121556,2
M9_MT_NGM,5,259.84409000441127,2
M9_MT_NGM,5,167.199263217309,2
M9_MT_NGM,5,161.2357496931429,2
M9_MT_NGM,6,260.57189510434966,2
M9_MT_NGM,6,234.001860404513,2
M9_MT_NGM,6,232.57583232645152,2
M9_MT_NGM,6,287.0529768685416,2
M9_MT_NGM,6,274.11303399297867,2
M9_MT_NGM,6,278.14173776075313,2
M9_MT_NGM,7,351.897832566195,2
M9_MT_NGM,7,286.2993404269946,2
M9_MT_NGM,7,267.129724307721,2
M9_MT_NGM,7,200.13974286300586,2
M9_MT_NGM,7,310.8163997713817,2
M9_MT_NGM,7,210.9837994291188,2
M9_MT_NGM,8,112.79406726474068,2
M9_MT_NGM,8,261.44233779239454,2
M9_MT_NGM,8,82.6857125993114,2
M9_MT_NGM,8,71.46733030638934,2
M9_MT_NGM,8,89.48052152507034,2
M9_MT_NGM,8,181.8871983690097,2
M9_MT_NGM,8,139.570005030563,2
M9_MT_NGM,8,171.52314241112813,2
M9_MT_NGM,8,245.70179036133632,2
M9_MT_NGM,8,188.40204025415682,2
M9_MT_NGM,8,214.58519348236786,2
M9_MT_NGM,8,246.12907714588272,2
M9_MT_NGM,9,209.26176673120625,2
M9_MT_NGM,9,263.7524678368868,2
M9_MT_NGM,9,237.51719922393985,2
M9_MT_NGM,9,242.42512072408277,2
M9_MT_NGM,9,263.4000969928361,2
M9_MT_NGM,9,267.50343544974146,2
M9_MT_NGM,9,276.48214783832566,2
M9_MT_NGM,9,271.9770326163804,2
M9_MT_NGM,10,309.7501026098873,2
M9_MT_NGM,10,278.9541393178113,2
M9_MT_NGM,10,335.9040168787812,2
M9_MT_NGM,10,272.53899264163255,2
M9_MT_NGM,10,292.58798517945115,2
M9_MT_NGM,13,323.3702909963746,2
M9_MT_NGM,13,299.74213089608446,2
M9_MT_NGM,13,290.0476916087945,2
M9_MT_NGM,13,204.02015633215933,2
M9_MT_NGM,13,181.58062738923007,2
M9_MT_NGM,13,186.67483997368393,2
M9_MT_NGM,13,236.874899843316,2
M9_MT_NGM,14,284.81629117577853,2
M9_MT_NGM,15,135.24787770029255,2
M9_MT_NGM,15,188.92983389388903,2
M9_MT_NGM,15,200.11497702968342,2
M9_MT_NGM,15,220.7563332461704,2
M9_MT_NGM,16,79.77432652525958,2
M9_MT_NGM,16,87.09207386224139,2
M9_MT_NGM,17,148.8404803339299,2
M9_MT_NGM,17,185.3580064021015,2
M9_MT_NGM,17,142.4187968273626,2
M9_MT_NGM,17,133.58026186779506,2
LD_N2_BL21,1,224.1882777656473,3
LD_N2_BL21,1,233.38902200018546,3
LD_N2_BL21,1,227.4495660415349,3
LD_N2_BL21,1,245.00923049154335,3
LD_N2_BL21,1,255.90242346835362,3
LD_N2_BL21,1,200.55498239254877,3
LD_N2_BL21,1,233.4238619492516,3
LD_N2_BL21,1,249.98703187994192,3
LD_N2_BL21,1,200.76258892319214,3
LD_N2_BL21,1,243.00189576816607,3
LD_N2_BL21,1,291.577523390907,3
LD_N2_BL21,1,265.8461589931904,3
LD_N2_BL21,2,237.85337193338424,3
LD_N2_BL21,2,234.23819128976635,3
LD_N2_BL21,2,181.8453315087696,3
LD_N2_BL21,2,269.2355709609621,3
LD_N2_BL21,2,267.66053801523304,3
LD_N2_BL21,2,333.74548268127035,3
LD_N2_BL21,2,265.2025593257028,3
LD_N2_BL21,2,242.19113159643547,3
LD_N2_BL21,2,229.6461420456505,3
LD_N2_BL21,3,197.87844791992615,3
LD_N2_BL21,3,182.4045821068217,3
LD_N2_BL21,3,255.90217566551672,3
LD_N2_BL21,3,294.4987867091516,3
LD_N2_BL21,3,324.4766227683374,3
LD_N2_BL21,3,249.5807737117378,3
LD_N2_BL21,3,144.80342981848494,3
LD_N2_BL21,4,191.60669907766152,3
LD_N2_BL21,4,213.60752806531127,3
LD_N2_BL21,4,221.74025084073673,3
LD_N2_BL21,4,325.8339244015367,3
LD_N2_BL21,4,321.5579688135109,3
LD_N2_BL21,4,276.0962638008598,3
LD_N2_BL21,4,146.68823304860427,3
LD_N2_BL21,4,201.32567920531096,3
LD_N2_BL21,4,150.72783906288242,3
LD_N2_BL21,4,216.48608986920144,3
LD_N2_BL21,4,278.80390357087117,3
LD_N2_BL21,5,245.49137257893344,3
LD_N2_BL21,5,232.53355029338735,3
LD_N2_BL21,5,296.14961695333955,3
LD_N2_BL21,5,304.8076941122226,3
LD_N2_BL21,5,300.6210823089733,3
LD_N2_BL21,5,228.1594605208258,3
LD_N2_BL21,5,226.34355664653702,3
LD_N2_BL21,6,242.65182728060375,3
LD_N2_BL21,6,197.75769822721298,3
LD_N2_BL21,6,224.45941283906328,3
LD_N2_BL21,6,198.1438962323162,3
LD_N2_BL21,6,284.0216672064028,3
LD_N2_BL21,6,219.82983845875611,3
LD_N2_BL21,6,221.12273041563608,3
LD_N2_BL21,6,220.99152241697166,3
LD_N2_BL21,6,209.5786068773666,3
LD_N2_BL21,6,151.83768821714006,3
LD_N2_BL21,6,100.79446768835112,3
LD_N2_BL21,7,223.97352344562097,3
LD_N2_BL21,7,205.02983478267052,3
LD_N2_BL21,7,250.77824957001008,3
LD_N2_BL21,8,292.0358731226238,3
LD_N2_BL21,8,215.83784425895155,3
LD_N2_BL21,8,327.2245691500014,3
LD_N2_BL21,8,322.06351309374656,3
LD_N2_BL21,8,233.1714803117878,3
LD_N2_BL21,8,213.52756521403026,3
LD_N2_BL21,8,201.28937558122362,3
LD_N2_BL21,8,214.97102537085902,3
LD_N2_BL21,12,178.83746809143037,3
LD_N2_BL21,12,206.02412653213733,3
LD_N2_BL21,12,232.08266187665328,3
LD_N2_BL21,12,195.53572347939252,3
LD_N2_BL21,12,220.69577480979325,3
LD_N2_BL21,12,220.14242812295782,3
LD_N2_BL21,12,210.02662950285375,3
LD_N2_BL21,12,122.68401247384125,3
LD_N2_BL21,12,106.7412623943782,3
LD_N2_BL21,12,170.46827777415314,3
LD_N2_BL21,12,153.02614210960948,3
LD_N2_BL21,12,86.1341221840874,3
LD_N2_BL21,13,120.84092975275628,3
LD_N2_BL21,13,113.15914849624497,3
LD_N2_BL21,13,103.56675576605349,3
LD_N2_BL21,13,144.84649347616846,3
LD_N2_BL21,13,166.48194426092815,3
LD_N2_BL21,13,196.26218481857754,3
LD_N2_BL21,13,147.435777918689,3
LD_N2_BL21,14,160.81119472778514,3
LD_N2_BL21,14,169.26712320773805,3
LD_N2_BL21,14,193.78250719428286,3
LD_N2_BL21,14,197.70654711874027,3
LD_N2_BL21,14,166.27258162267808,3
LD_N2_BL21,14,98.03279405393461,3
LD_N2_BL21,14,88.93587939227032,3
LD_N2_BL21,14,160.41153864580514,3
LD_N2_BL21,14,121.42239787315273,3
LD_N2_BL21,14,114.92243175472831,3
LD_N2_BL21,14,229.0689504682532,3
LD_N2_BL21,15,18.91380186929417,3
LD_N2_BL21,15,44.55369571635268,3
LD_N2_BL21,15,45.94410514284179,3
LD_N2_BL21,15,62.92483602486482,3
LD_N2_BL21,15,28.109745482967618,3
LD_N2_BL21,15,37.50652682632382,3
LD_N2_BL21,15,48.0806694294778,3
LD_N2_BL21,15,81.24718131410408,3
LD_N2_BL21,15,196.65241391212473,3
LD_N2_BL21,15,126.39138468093832,3
LD_N2_BL21,15,126.39182991961279,3
LD_N2_BL21,16,226.8525606371149,3
LD_N2_BL21,16,168.97128045038068,3
LD_N2_BL21,16,142.71889984894236,3
LD_N2_BL21,16,247.2737180373054,3
LD_N2_BL21,16,121.1005139588088,3
LD_N2_BL21,16,149.94741259759456,3
LD_N2_BL21,16,128.2213413810836,3
LD_N2_BL21,16,128.9814999143775,3
LD_N2_BL21,16,121.07394580364928,3
LD_N2_BL21,17,65.02403886252871,3
LD_N2_BL21,17,75.02048823811941,3
LD_N2_NGM,1,339.86379763676797,3
LD_N2_NGM,1,277.0789640514957,3
LD_N2_NGM,1,291.66917127516,3
LD_N2_NGM,1,377.5893810770857,3
LD_N2_NGM,1,238.2238680682658,3
LD_N2_NGM,1,306.23969503115524,3
LD_N2_NGM,1,288.1560854202627,3
LD_N2_NGM,1,280.0728765406547,3
LD_N2_NGM,1,364.4293123652636,3
LD_N2_NGM,1,283.1731859571917,3
LD_N2_NGM,1,292.1824480791902,3
LD_N2_NGM,2,196.16457695511377,3
LD_N2_NGM,2,324.2535232472462,3
LD_N2_NGM,2,328.69070214328633,3
LD_N2_NGM,2,344.73062325255364,3
LD_N2_NGM,2,274.8983374037866,3
LD_N2_NGM,2,267.680321218837,3
LD_N2_NGM,2,291.84157032893756,3
LD_N2_NGM,2,392.55253409073464,3
LD_N2_NGM,2,307.15442998817895,3
LD_N2_NGM,2,258.0900710813119,3
LD_N2_NGM,2,311.12734975593,3
LD_N2_NGM,3,253.95210918174544,3
LD_N2_NGM,3,274.2649159307762,3
LD_N2_NGM,3,208.05636786591452,3
LD_N2_NGM,3,218.84334355897332,3
LD_N2_NGM,3,196.77340691851356,3
LD_N2_NGM,3,246.1650756777554,3
LD_N2_NGM,3,249.47253636628966,3
LD_N2_NGM,3,213.76888083397353,3
LD_N2_NGM,3,259.1437882529349,3
LD_N2_NGM,3,248.91239447282788,3
LD_N2_NGM,3,216.72798429024687,3
LD_N2_NGM,4,318.62687371698604,3
LD_N2_NGM,4,356.00630792923204,3
LD_N2_NGM,4,323.95807205724117,3
LD_N2_NGM,4,346.9732790760766,3
LD_N2_NGM,4,294.294544691633,3
LD_N2_NGM,4,256.717345682492,3
LD_N2_NGM,4,336.6939068622266,3
LD_N2_NGM,4,328.85348330741397,3
LD_N2_NGM,4,286.1719658823389,3
LD_N2_NGM,4,341.28511064663195,3
LD_N2_NGM,4,266.35224319265615,3
LD_N2_NGM,6,255.66003864518294,3
LD_N2_NGM,6,337.9672168799138,3
LD_N2_NGM,6,247.63596761351891,3
LD_N2_NGM,6,354.327522840514,3
LD_N2_NGM,6,310.22183217551054,3
LD_N2_NGM,6,337.8549769416436,3
LD_N2_NGM,6,323.6377283724134,3
LD_N2_NGM,6,277.5694118314937,3
LD_N2_NGM,6,240.59180958339954,3
LD_N2_NGM,6,280.49725276750075,3
LD_N2_NGM,7,260.57149502931816,3
LD_N2_NGM,7,252.55358870481314,3
LD_N2_NGM,7,244.20405177097138,3
LD_N2_NGM,7,181.96526914400718,3
LD_N2_NGM,7,279.3278849658568,3
LD_N2_NGM,7,254.32443274213355,3
LD_N2_NGM,7,232.96780620521622,3
LD_N2_NGM,7,256.00437285021655,3
LD_N2_NGM,7,287.52214420699863,3
LD_N2_NGM,7,283.51422888793365,3
LD_N2_NGM,7,296.5901671901191,3
LD_N2_NGM,8,372.06264050280697,3
LD_N2_NGM,8,254.07093846846766,3
LD_N2_NGM,8,268.37958608109955,3
LD_N2_NGM,8,315.1589846015582,3
LD_N2_NGM,8,315.75419137250566,3
LD_N2_NGM,8,310.10647043274406,3
LD_N2_NGM,8,398.12151413659575,3
LD_N2_NGM,8,319.1578522732747,3
LD_N2_NGM,8,335.7392939884627,3
LD_N2_NGM,8,307.8471476340471,3
LD_N2_NGM,8,305.71004490017384,3
LD_N2_NGM,9,185.462262799174,3
LD_N2_NGM,9,269.1572317203552,3
LD_N2_NGM,9,317.0488068664707,3
LD_N2_NGM,9,278.2777865620117,3
LD_N2_NGM,9,307.44006300893597,3
LD_N2_NGM,9,340.5696013642782,3
LD_N2_NGM,9,328.7431834170349,3
LD_N2_NGM,9,284.1038107079645,3
LD_N2_NGM,9,285.52243191196055,3
LD_N2_NGM,9,227.0825176731721,3
LD_N2_NGM,9,286.40803340821566,3
LD_N2_NGM,10,207.85119996571748,3
LD_N2_NGM,10,201.69643039521935,3
LD_N2_NGM,10,139.6531227157978,3
LD_N2_NGM,10,150.1377947321494,3
LD_N2_NGM,10,200.27948541060715,3
LD_N2_NGM,10,244.9075213538832,3
LD_N2_NGM,10,162.6527840453494,3
LD_N2_NGM,10,155.17421304443096,3
LD_N2_NGM,10,164.41762296252378,3
LD_N2_NGM,10,144.57163215632644,3
LD_N2_NGM,11,223.61661195134974,3
LD_N2_NGM,11,197.3203530317184,3
LD_N2_NGM,11,267.80072243333245,3
LD_N2_NGM,11,263.477945213563,3
LD_N2_NGM,11,121.58076809747072,3
LD_N2_NGM,11,202.72265302004482,3
LD_N2_NGM,11,157.11163681678823,3
LD_N2_NGM,12,287.6188208953928,3
LD_N2_NGM,12,370.3497536550594,3
LD_N2_NGM,12,176.38451250305602,3
LD_N2_NGM,12,161.45597869275105,3
LD_N2_NGM,12,140.16536427290504,3
LD_N2_NGM,12,133.4570753073853,3
LD_N2_NGM,12,95.9880664622982,3
LD_N2_NGM,12,185.9566439424679,3
LD_N2_NGM,12,234.73730529831073,3
LD_N2_NGM,12,214.4944053652142,3
LD_N2_NGM,12,350.1771049356491,3
LD_N2_NGM,13,218.49571977938794,3
LD_CB_BL21,1,82.31559659898741,3
LD_CB_BL21,1,103.53816677479438,3
LD_CB_BL21,1,129.4052771701227,3
LD_CB_BL21,1,176.63321086057414,3
LD_CB_BL21,1,159.15518161125897,3
LD_CB_BL21,1,77.38939139963679,3
LD_CB_BL21,1,44.81929305459539,3
LD_CB_BL21,1,28.534668599835378,3
LD_CB_BL21,1,53.3076649006119,3
LD_CB_BL21,1,63.59467655878582,3
LD_CB_BL21,1,49.14037045221663,3
LD_CB_BL21,2,236.8736566450437,3
LD_CB_BL21,2,248.45510889684888,3
LD_CB_BL21,2,214.6032540928728,3
LD_CB_BL21,2,206.25721900018198,3
LD_CB_BL21,2,130.71712060505175,3
LD_CB_BL21,2,135.68050172343905,3
LD_CB_BL21,2,102.36961850767912,3
LD_CB_BL21,2,116.8840718172883,3
LD_CB_BL21,2,159.04844292738417,3
LD_CB_BL21,2,178.9171109639796,3
LD_CB_BL21,2,183.80251443640526,3
LD_CB_BL21,3,100.43174293225802,3
LD_CB_BL21,3,96.43454262815776,3
LD_CB_BL21,3,60.66469368428507,3
LD_CB_BL21,3,164.89686442718076,3
LD_CB_BL21,4,198.8218891878084,3
LD_CB_BL21,4,125.79617567471469,3
LD_CB_BL21,4,168.3816630278628,3
LD_CB_BL21,5,196.60764111404316,3
LD_CB_BL21,5,140.28952653228976,3
LD_CB_BL21,5,154.87697301400848,3
LD_CB_BL21,5,155.3060144927701,3
LD_CB_BL21,5,88.33913644027317,3
LD_CB_BL21,5,82.62212851079468,3
LD_CB_BL21,5,114.9128877834979,3
LD_CB_BL21,5,139.16720401499285,3
LD_CB_BL21,5,185.01979316360138,3
LD_CB_BL21,5,144.62089918035628,3
LD_CB_BL21,5,117.05346620872054,3
LD_CB_BL21,6,91.71118547370446,3
LD_CB_BL21,6,129.86814308117565,3
LD_CB_BL21,6,129.9721043070079,3
LD_CB_BL21,6,115.75344528068267,3
LD_CB_BL21,6,87.96337980133485,3
LD_CB_BL21,6,61.73652812219029,3
LD_CB_BL21,6,102.30561660753872,3
LD_CB_BL21,7,49.30124599339616,3
LD_CB_BL21,7,34.41230748307031,3
LD_CB_BL21,7,40.20193666515023,3
LD_CB_BL21,7,54.821054751608756,3
LD_CB_BL21,7,43.77563723388715,3
LD_CB_BL21,7,38.3725392306368,3
LD_CB_BL21,9,111.67564532382787,3
LD_CB_BL21,9,140.4672394378616,3
LD_CB_BL21,9,105.81859721882441,3
LD_CB_BL21,9,79.89602729931218,3
LD_CB_BL21,9,85.0535023677631,3
LD_CB_BL21,9,125.43552448749267,3
LD_CB_BL21,9,174.52577081797222,3
LD_CB_BL21,9,195.85135787071832,3
LD_CB_BL21,9,141.52140120363114,3
LD_CB_BL21,9,146.11529840306972,3
LD_CB_BL21,10,173.30843446179338,3
LD_CB_BL21,10,155.4858243471063,3
LD_CB_BL21,10,143.14116107093713,3
LD_CB_BL21,10,135.38809128148108,3
LD_CB_BL21,10,115.48896295412142,3
LD_CB_BL21,10,131.8162307195069,3
LD_CB_BL21,10,138.5578770901745,3
LD_CB_BL21,10,127.37617707406423,3
LD_CB_BL21,10,88.08866910065858,3
LD_CB_BL21,10,89.94252282424051,3
LD_CB_BL21,11,94.02852291679217,3
LD_CB_BL21,11,118.72687213294849,3
LD_CB_BL21,11,110.91976159358111,3
LD_CB_BL21,11,101.04933660061295,3
LD_CB_BL21,11,81.2534918505395,3
LD_CB_BL21,11,52.396692444104836,3
LD_CB_BL21,11,52.409041561031856,3
LD_CB_BL21,11,61.30026607747256,3
LD_CB_BL21,11,64.67365850307131,3
LD_CB_BL21,11,86.54161839035046,3
LD_CB_BL21,11,65.1113242329256,3
LD_CB_BL21,12,58.87713036592017,3
LD_CB_BL21,12,86.01371202374378,3
LD_CB_BL21,12,83.02561029611915,3
LD_CB_BL21,12,92.8008599382184,3
LD_CB_BL21,12,64.04073156609937,3
LD_CB_BL21,12,38.56082102068587,3
LD_CB_BL21,12,86.37816213899583,3
LD_CB_BL21,12,75.16191010987501,3
LD_CB_BL21,12,105.39113541847455,3
LD_CB_BL21,12,112.48720291611339,3
LD_CB_BL21,12,74.66006860170673,3
LD_CB_BL21,13,207.72688749718745,3
LD_CB_BL21,13,152.14035790919056,3
LD_CB_BL21,13,116.94670486810321,3
LD_CB_BL21,13,113.29461542460334,3
LD_CB_NGM,1,358.1499981472766,3
LD_CB_NGM,1,318.6900882447052,3
LD_CB_NGM,2,265.43310755031433,3
LD_CB_NGM,2,275.59612100339393,3
LD_CB_NGM,2,119.78356057917422,3
LD_CB_NGM,2,223.85144221360352,3
LD_CB_NGM,2,232.279745874342,3
LD_CB_NGM,2,214.61637742745216,3
LD_CB_NGM,2,240.92242034245874,3
LD_CB_NGM,2,280.38791903253644,3
LD_CB_NGM,2,294.98485201599306,3
LD_CB_NGM,2,276.11757398790974,3
LD_CB_NGM,2,253.43823611284301,3
LD_CB_NGM,3,311.2818098091548,3
LD_CB_NGM,3,291.2314082115607,3
LD_CB_NGM,3,212.1165798797545,3
LD_CB_NGM,3,192.55408114947537,3
LD_CB_NGM,3,342.7851189159302,3
LD_CB_NGM,3,252.92392490275242,3
LD_CB_NGM,3,246.12945755928894,3
LD_CB_NGM,3,228.19998627287958,3
LD_CB_NGM,3,239.0104482571328,3
LD_CB_NGM,3,286.95632928062895,3
LD_CB_NGM,3,354.3259736805418,3
LD_CB_NGM,4,276.33761979447434,3
LD_CB_NGM,4,250.1682720417845,3
LD_CB_NGM,4,258.469546131956,3
LD_CB_NGM,4,255.06823871750856,3
LD_CB_NGM,4,241.2061092570139,3
LD_CB_NGM,4,141.17950658704004,3
LD_CB_NGM,5,235.00243969143102,3
LD_CB_NGM,5,253.77594186944893,3
LD_CB_NGM,5,242.60597147629127,3
LD_CB_NGM,5,226.91227221464266,3
LD_CB_NGM,5,240.25816708506514,3
LD_CB_NGM,5,265.04532396347935,3
LD_CB_NGM,5,298.78125648088746,3
LD_CB_NGM,5,261.9324622686581,3
LD_CB_NGM,5,265.0625587553683,3
LD_CB_NGM,5,219.95058501189754,3
LD_CB_NGM,5,282.50206030418036,3
LD_CB_NGM,6,324.5880330831697,3
LD_CB_NGM,6,314.0119321646678,3
LD_CB_NGM,6,296.20663654238814,3
LD_CB_NGM,6,262.71471459024474,3
LD_CB_NGM,6,300.9537398839467,3
LD_CB_NGM,6,218.36510809439565,3
LD_CB_NGM,6,248.94351877948202,3
LD_CB_NGM,6,305.88678880441825,3
LD_CB_NGM,6,369.7613338143514,3
LD_CB_NGM,6,385.0171029844313,3
LD_CB_NGM,6,277.47888340228957,3
LD_CB_NGM,7,228.16517597774617,3
LD_CB_NGM,7,274.9154704997457,3
LD_CB_NGM,7,295.2495565990227,3
LD_CB_NGM,7,208.16857027554616,3
LD_CB_NGM,7,276.26779525738885,3
LD_CB_NGM,7,314.6865318815392,3
LD_CB_NGM,7,254.60337631593333,3
LD_CB_NGM,7,297.50168437822146,3
LD_CB_NGM,7,284.75132924725364,3
LD_CB_NGM,7,282.40265788324876,3
LD_CB_NGM,7,269.0778876108734,3
LD_CB_NGM,8,224.27770836395584,3
LD_CB_NGM,8,251.80517162219093,3
LD_CB_NGM,8,253.4548952419641,3
LD_CB_NGM,8,278.7881282784256,3
LD_CB_NGM,8,309.53872189833226,3
LD_CB_NGM,8,221.50769755377414,3
LD_CB_NGM,8,206.10808194384907,3
LD_CB_NGM,8,259.28044769979414,3
LD_CB_NGM,8,242.192774811579,3
LD_CB_NGM,8,206.4720084142104,3
LD_CB_NGM,8,133.30523764430046,3
LD_CB_NGM,9,146.04182942058188,3
LD_CB_NGM,9,154.4809524997708,3
LD_CB_NGM,9,90.09083518978267,3
LD_CB_NGM,9,233.65586125228378,3
LD_CB_NGM,9,199.9416902735573,3
LD_CB_NGM,11,305.50242199895195,3
LD_CB_NGM,12,308.44727492772273,3
LD_CB_NGM,12,240.40098986805984,3
LD_CB_NGM,12,179.18244949150375,3
LD_CB_NGM,12,367.1393028683584,3
LD_CB_NGM,12,255.90347255366547,3
LD_CB_NGM,12,206.27275388023605,3
LD_CB_NGM,12,265.4026856137625,3
LD_CB_NGM,12,290.0513431178074,3
LD_CB_NGM,12,245.93965125476953,3
LD_CB_NGM,12,271.2149879964784,3
LD_CB_NGM,12,245.90408962068756,3
LD_CB_NGM,13,365.6389160265049,3
LD_CB_NGM,13,376.1236767120587,3
LD_CB_NGM,13,395.0435526245562,3
LD_CB_NGM,14,374.58555395138916,3
LD_CB_NGM,14,280.65841571184217,3
LD_CB_NGM,14,415.76195904335265,3
LD_CB_NGM,14,301.89740886059957,3
LD_CB_NGM,14,324.48044398337777,3
LD_CB_NGM,15,176.6513362411718,3
LD_CB_NGM,15,322.330521091511,3
LD_CB_NGM,15,260.5666355338245,3
LD_CB_NGM,15,208.64471082718788,3
LD_CB_NGM,15,216.1415054147316,3
LD_CB_NGM,15,257.7631385562507,3
LD_CB_NGM,15,276.2231016642967,3
LD_CB_NGM,15,258.82869704446694,3
LD_CB_NGM,15,240.54005770316712,3
LD_CB_NGM,15,320.7521245156213,3
LD_CB_NGM,15,321.22616670545233,3
LD_CB_NGM,16,254.16548754616034,3
LD_CB_NGM,16,206.63178858260054,3
LD_CB_NGM,16,173.5438574552564,3
LD_CB_NGM,16,286.15881074368804,3
LD_CB_NGM,16,381.8956143595254,3
LD_CB_NGM,16,204.9078863037127,3
LD_CB_NGM,16,160.03602589236715,3
LD_CB_NGM,16,162.63739149824124,3
LD_CB_NGM,16,317.10860681705975,3
LD_CB_NGM,16,238.37448014508945,3
LD_CB_NGM,16,238.6312555292497,3
LD_CB_NGM,17,367.53160082291674,3
LD_CB_NGM,18,408.2829772755007,3
LD_CB_NGM,18,377.5431751727236,3
LD_CB_NGM,18,376.523434907676,3
LD_CB_NGM,18,339.2005515826623,3
LD_CB_NGM,18,322.7150110306878,3
LD_MT_BL21,1,99.88899463925198,3
LD_MT_BL21,1,219.96417898254816,3
LD_MT_BL21,2,164.59492302237587,3
LD_MT_BL21,2,105.47371994672824,3
LD_MT_BL21,2,152.87292815294228,3
LD_MT_BL21,2,132.0009888707878,3
LD_MT_BL21,2,152.22544431071876,3
LD_MT_BL21,2,96.70298857390429,3
LD_MT_BL21,2,180.8993610010868,3
LD_MT_BL21,2,209.5296126391284,3
LD_MT_BL21,2,160.7344621580646,3
LD_MT_BL21,2,237.8441667248213,3
LD_MT_BL21,2,227.23011882780284,3
LD_MT_BL21,3,151.45503469159164,3
LD_MT_BL21,3,85.19869597316838,3
LD_MT_BL21,3,143.5592347257863,3
LD_MT_BL21,4,223.284974922135,3
LD_MT_BL21,4,183.7661551055377,3
LD_MT_BL21,4,153.6381201187042,3
LD_MT_BL21,4,125.81071724065353,3
LD_MT_BL21,4,91.736890973662,3
LD_MT_BL21,4,100.11366366786226,3
LD_MT_BL21,4,127.0230139087611,3
LD_MT_BL21,4,88.09596103312188,3
LD_MT_BL21,4,240.9609558817404,3
LD_MT_BL21,4,96.08867127800008,3
LD_MT_BL21,4,109.48754460244223,3
LD_MT_BL21,5,109.68827849241787,3
LD_MT_BL21,5,96.53983434600863,3
LD_MT_BL21,5,66.78583935822881,3
LD_MT_BL21,5,128.4988237889831,3
LD_MT_BL21,5,51.16988098716312,3
LD_MT_BL21,5,127.12152872517181,3
LD_MT_BL21,5,90.0972711906274,3
LD_MT_BL21,5,60.6247850557408,3
LD_MT_BL21,5,99.72462432471616,3
LD_MT_BL21,5,65.87152346809283,3
LD_MT_BL21,5,80.01755818079496,3
LD_MT_BL21,6,123.49328662615173,3
LD_MT_BL21,6,138.10683661778725,3
LD_MT_BL21,6,116.17966450504335,3
LD_MT_BL21,6,169.192814291724,3
LD_MT_BL21,6,161.6812482513123,3
LD_MT_BL21,6,252.31823768726127,3
LD_MT_BL21,6,149.79263983175315,3
LD_MT_BL21,6,83.36375182006043,3
LD_MT_BL21,6,84.41728302564081,3
LD_MT_BL21,6,150.8818285696252,3
LD_MT_BL21,6,142.6927262233483,3
LD_MT_BL21,7,121.53424901706501,3
LD_MT_BL21,7,127.20665059010089,3
LD_MT_BL21,7,116.1660072928017,3
LD_MT_BL21,7,80.8666080318412,3
LD_MT_BL21,7,101.13735131975018,3
LD_MT_BL21,7,123.26766665672226,3
LD_MT_BL21,7,131.70321643166307,3
LD_MT_BL21,7,96.67274127008164,3
LD_MT_BL21,7,143.62169538984784,3
LD_MT_BL21,7,94.00406941127635,3
LD_MT_BL21,7,121.96344080359151,3
LD_MT_BL21,8,37.2451547194044,3
LD_MT_BL21,8,72.66638713599811,3
LD_MT_BL21,8,85.69952420081583,3
LD_MT_BL21,8,66.66232735335136,3
LD_MT_BL21,8,44.93888830433023,3
LD_MT_BL21,8,73.05104155403862,3
LD_MT_BL21,8,75.64082466309429,3
LD_MT_BL21,8,90.10211512590823,3
LD_MT_BL21,8,70.70157192869067,3
LD_MT_BL21,8,62.54598351995827,3
LD_MT_BL21,8,49.31937091540369,3
LD_MT_BL21,9,116.3244383931409,3
LD_MT_BL21,9,121.99810475014792,3
LD_MT_BL21,9,188.16287048583354,3
LD_MT_BL21,9,222.11704728986865,3
LD_MT_BL21,9,194.24418793559363,3
LD_MT_BL21,9,240.1837541650385,3
LD_MT_BL21,9,254.4725281818647,3
LD_MT_BL21,9,331.31475366643417,3
LD_MT_BL21,9,106.45802644819025,3
LD_MT_BL21,9,167.34789276921884,3
LD_MT_BL21,9,70.23634621841671,3
LD_MT_BL21,10,156.41105721867402,3
LD_MT_BL21,10,216.54223890588864,3
LD_MT_BL21,10,151.07370259291957,3
LD_MT_BL21,10,138.8148779453748,3
LD_MT_BL21,10,96.70945965203585,3
LD_MT_BL21,10,87.9414138219796,3
LD_MT_BL21,10,155.94833814296538,3
LD_MT_BL21,10,114.02482505387972,3
LD_MT_BL21,10,211.06409586089848,3
LD_MT_BL21,10,107.26681247227293,3
LD_MT_BL21,10,117.5123028711316,3
LD_MT_BL21,11,81.66048478118928,3
LD_MT_BL21,11,73.72805372926386,3
LD_MT_BL21,11,168.93671732038212,3
LD_MT_BL21,11,123.15187142215873,3
LD_MT_BL21,11,98.7671289310398,3
LD_MT_BL21,11,67.3327554154462,3
LD_MT_BL21,11,58.900201199965146,3
LD_MT_BL21,11,132.13219441862935,3
LD_MT_BL21,11,84.25717434661212,3
LD_MT_BL21,11,107.15425127331771,3
LD_MT_BL21,11,79.5438833194529,3
LD_MT_BL21,12,80.95180184322759,3
LD_MT_BL21,12,59.138299859365915,3
LD_MT_BL21,12,27.21276898850333,3
LD_MT_BL21,12,48.035968416379184,3
LD_MT_BL21,12,56.686286208143066,3
LD_MT_BL21,12,70.68806169459279,3
LD_MT_BL21,12,59.64775726990221,3
LD_MT_BL21,12,66.41567584217368,3
LD_MT_BL21,12,84.39484343438036,3
LD_MT_BL21,12,43.702310276839476,3
LD_MT_BL21,12,147.51704423512965,3
LD_MT_BL21,13,16.08656579855903,3
LD_MT_BL21,13,39.121116016543816,3
LD_MT_BL21,13,42.78296925383209,3
LD_MT_BL21,13,40.71906170676814,3
LD_MT_BL21,13,21.59744762342965,3
LD_MT_BL21,13,68.64876965358071,3
LD_MT_BL21,13,77.69620850739287,3
LD_MT_BL21,13,51.22765335661254,3
LD_MT_BL21,13,99.05472424022159,3
LD_MT_BL21,13,54.30648535130007,3
LD_MT_BL21,13,31.4176445500432,3
LD_MT_NGM,1,131.92667435041062,3
LD_MT_NGM,1,188.21776300649736,3
LD_MT_NGM,1,170.78139387991496,3
LD_MT_NGM,1,188.286077106418,3
LD_MT_NGM,1,289.520892060542,3
LD_MT_NGM,1,255.30767705219418,3
LD_MT_NGM,2,201.0571545810842,3
LD_MT_NGM,2,209.89844563464345,3
LD_MT_NGM,2,268.5241355654199,3
LD_MT_NGM,2,268.7560179423683,3
LD_MT_NGM,2,221.63936851103375,3
LD_MT_NGM,2,163.873422566327,3
LD_MT_NGM,2,147.459903103121,3
LD_MT_NGM,2,147.5667921668733,3
LD_MT_NGM,2,232.67050895600696,3
LD_MT_NGM,2,214.7319666923162,3
LD_MT_NGM,2,243.31712568625503,3
LD_MT_NGM,3,267.3521299920474,3
LD_MT_NGM,3,297.703524292686,3
LD_MT_NGM,3,261.20421133504385,3
LD_MT_NGM,3,289.4856509988821,3
LD_MT_NGM,3,300.2601324902604,3
LD_MT_NGM,3,276.35669689203974,3
LD_MT_NGM,3,179.9712280966437,3
LD_MT_NGM,3,298.37310567510895,3
LD_MT_NGM,3,274.0484858402334,3
LD_MT_NGM,3,293.90902873826064,3
LD_MT_NGM,3,158.3691264760022,3
LD_MT_NGM,4,236.55094573139863,3
LD_MT_NGM,4,164.4529651103975,3
LD_MT_NGM,4,140.90412883793334,3
LD_MT_NGM,4,147.09616778831383,3
LD_MT_NGM,4,145.8197086782594,3
LD_MT_NGM,4,117.16805425061811,3
LD_MT_NGM,4,89.76721213536463,3
LD_MT_NGM,4,108.30737364272753,3
LD_MT_NGM,4,138.16602955661983,3
LD_MT_NGM,4,171.53242253938942,3
LD_MT_NGM,5,261.0847719281816,3
LD_MT_NGM,5,185.0149009172688,3
LD_MT_NGM,5,185.27763019880103,3
LD_MT_NGM,5,156.17167011472586,3
LD_MT_NGM,6,190.35725625874957,3
LD_MT_NGM,6,144.63739351232067,3
LD_MT_NGM,6,150.4677888958734,3
LD_MT_NGM,6,175.46710404816676,3
LD_MT_NGM,6,160.4712306242414,3
LD_MT_NGM,6,102.7968998539588,3
LD_MT_NGM,6,117.3579896068463,3
LD_MT_NGM,6,119.78618364590034,3
LD_MT_NGM,6,133.84465898138555,3
LD_MT_NGM,6,154.8714644850134,3
LD_MT_NGM,6,132.30228641059603,3
LD_MT_NGM,6,218.1862217072995,3
LD_MT_NGM,7,222.8489997676223,3
LD_MT_NGM,7,106.04877456235631,3
LD_MT_NGM,7,131.97374433864252,3
LD_MT_NGM,7,143.208750994098,3
LD_MT_NGM,8,203.02892503298966,3
LD_MT_NGM,10,265.87283665613825,3
LD_MT_NGM,10,223.46726630688,3
LD_MT_NGM,10,267.4959419361301,3
LD_MT_NGM,10,273.7321221402168,3
LD_MT_NGM,10,240.61339598094983,3
LD_MT_NGM,10,313.43174631845415,3
LD_MT_NGM,10,224.68031633456584,3
LD_MT_NGM,10,242.93347574273216,3
LD_MT_NGM,10,221.00610484778477,3
LD_MT_NGM,10,201.48749191769141,3
LD_MT_NGM,10,141.58766174653618,3
LD_MT_NGM,11,208.56320699528368,3
LD_MT_NGM,11,197.31543173292272,3
LD_MT_NGM,11,155.88387386242928,3
LD_MT_NGM,11,135.60870504620405,3
LD_MT_NGM,11,206.36027056114978,3
LD_MT_NGM,11,256.79678374571347,3
LD_MT_NGM,11,225.02679999628123,3
LD_MT_NGM,11,139.0618915831998,3
LD_MT_NGM,11,181.7624628227858,3
LD_MT_NGM,11,204.54260070103504,3
LD_MT_NGM,11,208.98236191554005,3
LD_MT_NGM,12,164.29584273619776,3
LD_MT_NGM,12,173.9343387451855,3
LD_MT_NGM,12,145.22693592277477,3
LD_MT_NGM,12,158.25124073295757,3
LD_MT_NGM,12,175.64835649089244,3
LD_MT_NGM,12,230.08927286463614,3
LD_MT_NGM,12,198.52008018415577,3
LD_MT_NGM,12,177.9809621517648,3
LD_MT_NGM,12,203.3751816982553,3
LD_MT_NGM,12,195.05361696743515,3
LD_MT_NGM,12,166.61104003893212,3
LD_MT_NGM,13,218.03204099363717,3
LD_MT_NGM,13,193.3192979018366,3
LD_MT_NGM,13,175.31739728546017,3
LD_MT_NGM,14,227.65432473835276,3
LD_MT_NGM,14,189.18685244705318,3
LD_MT_NGM,14,231.75288921723626,3
LD_MT_NGM,15,153.24892701335722,3
LD_MT_NGM,15,185.13267071677,3
LD_MT_NGM,15,173.16370360123216,3
LD_MT_NGM,15,194.63221167470095,3
LD_MT_NGM,15,153.527678924448,3
LD_MT_NGM,15,238.74229464377922,3
LD_MT_NGM,15,242.51407610351924,3
LD_MT_NGM,15,223.3006881349558,3
LD_MT_NGM,15,209.92799022100365,3
LD_MT_NGM,15,315.08795989372936,3
LD_MT_NGM,16,258.93606183664355,3
LD_MT_NGM,18,150.95910066957308,3
LD_MT_NGM,18,190.6789957171032,3
LD_MT_NGM,18,144.432711305003,3
LD_MT_NGM,18,151.43750174984004,3
M9_N2_BL21,1,215.3626185666751,3
M9_N2_BL21,1,233.7806196203268,3
M9_N2_BL21,1,260.0248883321359,3
M9_N2_BL21,1,250.6467190845181,3
M9_N2_BL21,1,225.93567310548184,3
M9_N2_BL21,1,166.6067171398856,3
M9_N2_BL21,1,157.48215287675217,3
M9_N2_BL21,1,139.70115796605745,3
M9_N2_BL21,1,119.34192311760998,3
M9_N2_BL21,1,116.29728992601235,3
M9_N2_BL21,1,160.6058310730597,3
M9_N2_BL21,2,288.8520122473316,3
M9_N2_BL21,2,335.0414978601997,3
M9_N2_BL21,2,336.4609420918077,3
M9_N2_BL21,2,336.1422659098049,3
M9_N2_BL21,2,312.9749123542257,3
M9_N2_BL21,3,161.9763260337108,3
M9_N2_BL21,3,205.9605472819448,3
M9_N2_BL21,3,204.38671384979736,3
M9_N2_BL21,3,206.87233011902293,3
M9_N2_BL21,3,120.59887170088919,3
M9_N2_BL21,3,94.45662928335155,3
M9_N2_BL21,3,76.46604525882967,3
M9_N2_BL21,3,107.29490471935988,3
M9_N2_BL21,3,139.13463157531274,3
M9_N2_BL21,3,149.00451259175418,3
M9_N2_BL21,3,94.83019607487512,3
M9_N2_BL21,4,236.34224060926977,3
M9_N2_BL21,4,101.41273930974123,3
M9_N2_BL21,4,248.188123057293,3
M9_N2_BL21,4,257.4929231990518,3
M9_N2_BL21,4,154.88800667973578,3
M9_N2_BL21,4,270.5029151809853,3
M9_N2_BL21,4,99.56041712750059,3
M9_N2_BL21,4,97.117858638346,3
M9_N2_BL21,4,260.7236018214225,3
M9_N2_BL21,4,175.69980664548436,3
M9_N2_BL21,4,102.34935266904316,3
M9_N2_BL21,5,126.58631875855085,3
M9_N2_BL21,5,126.57901107710799,3
M9_N2_BL21,5,88.01618239410372,3
M9_N2_BL21,5,87.29537290119237,3
M9_N2_BL21,5,79.9178395054834,3
M9_N2_BL21,5,112.82718340051046,3
M9_N2_BL21,5,128.71280379242862,3
M9_N2_BL21,5,86.90225341322048,3
M9_N2_BL21,5,98.42038886498949,3
M9_N2_BL21,5,87.53325422678051,3
M9_N2_BL21,5,87.870698896943,3
M9_N2_BL21,6,197.15218479040763,3
M9_N2_BL21,6,220.4881875773744,3
M9_N2_BL21,6,246.48904558439736,3
M9_N2_BL21,7,341.5555125303566,3
M9_N2_BL21,7,311.27215169455013,3
M9_N2_BL21,7,246.19788658663794,3
M9_N2_BL21,7,230.58495064748757,3
M9_N2_BL21,7,76.04335545728148,3
M9_N2_BL21,7,175.30740467867824,3
M9_N2_BL21,7,183.4688133177069,3
M9_N2_BL21,7,108.8563413455684,3
M9_N2_BL21,7,117.17919476355394,3
M9_N2_BL21,10,145.88298007835147,3
M9_N2_BL21,10,135.41644453618818,3
M9_N2_BL21,10,156.79400862310527,3
M9_N2_BL21,10,122.91400601414537,3
M9_N2_BL21,10,153.20775246590316,3
M9_N2_BL21,10,229.45602575822082,3
M9_N2_BL21,10,181.80131857676548,3
M9_N2_BL21,10,159.7127591494367,3
M9_N2_BL21,10,200.52030987783186,3
M9_N2_BL21,10,192.66668302006283,3
M9_N2_BL21,11,114.43889387229834,3
M9_N2_BL21,11,118.76742567376978,3
M9_N2_BL21,11,170.03214105674584,3
M9_N2_BL21,11,133.57179170775595,3
M9_N2_BL21,11,168.6593425761026,3
M9_N2_BL21,11,149.04092543671894,3
M9_N2_BL21,11,143.98813057188985,3
M9_N2_BL21,11,120.9951200009265,3
M9_N2_BL21,11,123.13677733727081,3
M9_N2_BL21,11,124.40712536953784,3
M9_N2_BL21,11,193.7282760271524,3
M9_N2_BL21,12,73.45945890177833,3
M9_N2_BL21,12,181.86907678692495,3
M9_N2_BL21,12,258.7210608210702,3
M9_N2_BL21,12,187.33219986068505,3
M9_N2_BL21,12,220.36419512109865,3
M9_N2_BL21,12,167.9842388698599,3
M9_N2_BL21,12,221.27437278644484,3
M9_N2_BL21,12,241.60256134986906,3
M9_N2_BL21,12,203.7267475328982,3
M9_N2_BL21,12,208.08005304773783,3
M9_N2_BL21,12,227.1029318473714,3
M9_N2_BL21,13,31.02138723231601,3
M9_N2_BL21,13,86.12720400162075,3
M9_N2_BL21,13,76.677868165332,3
M9_N2_BL21,13,69.87779122308291,3
M9_N2_BL21,13,90.70803875703443,3
M9_N2_BL21,13,100.21350401133323,3
M9_N2_BL21,13,123.36071204286569,3
M9_N2_BL21,13,123.7759402867393,3
M9_N2_BL21,13,81.63379883711465,3
M9_N2_BL21,13,75.82434383543156,3
M9_N2_BL21,13,104.07738489578863,3
M9_N2_BL21,14,183.31107374218422,3
M9_N2_BL21,14,118.40341517682279,3
M9_N2_BL21,14,186.33550136681225,3
M9_N2_BL21,14,208.1683200417961,3
M9_N2_BL21,14,158.70266758847987,3
M9_N2_BL21,14,161.76832801833797,3
M9_N2_BL21,14,163.56181333792418,3
M9_N2_BL21,14,104.72158892168667,3
M9_N2_BL21,14,123.51542772360585,3
M9_N2_BL21,14,164.06246832686216,3
M9_N2_BL21,14,183.21964182942173,3
M9_N2_BL21,15,189.24885243004798,3
M9_N2_NGM,1,373.3955172450827,3
M9_N2_NGM,1,294.8038184951319,3
M9_N2_NGM,1,385.0854506589424,3
M9_N2_NGM,1,372.0847035431989,3
M9_N2_NGM,1,360.8206453642113,3
M9_N2_NGM,1,356.0977746210465,3
M9_N2_NGM,2,365.40813138179055,3
M9_N2_NGM,2,383.9623751136047,3
M9_N2_NGM,2,385.2352095277227,3
M9_N2_NGM,2,346.7164151226601,3
M9_N2_NGM,2,351.40512860906335,3
M9_N2_NGM,2,407.9995810811532,3
M9_N2_NGM,2,361.0852808771412,3
M9_N2_NGM,2,307.0806123782908,3
M9_N2_NGM,2,269.4058103050058,3
M9_N2_NGM,2,326.27669105275163,3
M9_N2_NGM,2,327.13052124521005,3
M9_N2_NGM,3,392.1742034720384,3
M9_N2_NGM,3,326.8296612317101,3
M9_N2_NGM,3,298.78386263525664,3
M9_N2_NGM,3,267.5294604530576,3
M9_N2_NGM,3,255.44801415771275,3
M9_N2_NGM,3,274.1021281510006,3
M9_N2_NGM,3,274.7343361084759,3
M9_N2_NGM,3,287.60024394290383,3
M9_N2_NGM,3,207.67190677748576,3
M9_N2_NGM,3,255.74989143143063,3
M9_N2_NGM,3,273.65720671460565,3
M9_N2_NGM,4,420.89447700068405,3
M9_N2_NGM,4,426.547668620437,3
M9_N2_NGM,4,462.2108524799607,3
M9_N2_NGM,4,402.3580431658914,3
M9_N2_NGM,4,423.50641338663945,3
M9_N2_NGM,4,348.53334801643166,3
M9_N2_NGM,4,372.2661206943083,3
M9_N2_NGM,4,408.99611577161807,3
M9_N2_NGM,4,427.0386869447687,3
M9_N2_NGM,4,444.2851510126458,3
M9_N2_NGM,4,360.8573196859171,3
M9_N2_NGM,5,344.4574831330154,3
M9_N2_NGM,5,397.3211139327992,3
M9_N2_NGM,5,349.42813340998293,3
M9_N2_NGM,5,296.10860435370085,3
M9_N2_NGM,5,409.3190443017143,3
M9_N2_NGM,5,388.4249573738024,3
M9_N2_NGM,5,396.2982481787102,3
M9_N2_NGM,5,356.04572855155766,3
M9_N2_NGM,5,458.24991727613224,3
M9_N2_NGM,5,309.9497110839583,3
M9_N2_NGM,5,380.73613958999493,3
M9_N2_NGM,6,282.2228033176542,3
M9_N2_NGM,6,300.0241673804012,3
M9_N2_NGM,10,334.4716543499629,3
M9_N2_NGM,10,312.1067960615634,3
M9_N2_NGM,10,353.1424868190908,3
M9_N2_NGM,11,379.4328494869923,3
M9_N2_NGM,11,339.4371660890762,3
M9_N2_NGM,11,338.37896724991083,3
M9_N2_NGM,12,418.7242745449629,3
M9_N2_NGM,12,350.97568259235584,3
M9_N2_NGM,12,380.6620686424616,3
M9_N2_NGM,12,358.8819258137696,3
M9_N2_NGM,12,311.1803253303039,3
M9_N2_NGM,12,340.27957687823425,3
M9_N2_NGM,12,368.8640221009824,3
M9_N2_NGM,14,235.90344158727953,3
M9_N2_NGM,14,215.39076451983578,3
M9_N2_NGM,14,225.88335031461435,3
M9_N2_NGM,14,353.49521979675905,3
M9_N2_NGM,14,323.39139421699736,3
M9_N2_NGM,14,209.19957888352297,3
M9_N2_NGM,14,191.1125148284588,3
M9_N2_NGM,14,163.92640947476326,3
M9_N2_NGM,14,156.37971281601574,3
M9_N2_NGM,14,210.0825002655481,3
M9_N2_NGM,14,270.8346299187835,3
M9_N2_NGM,15,363.7705362610706,3
M9_N2_NGM,15,319.732201241605,3
M9_N2_NGM,15,281.3559541336816,3
M9_N2_NGM,15,298.42247342441243,3
M9_N2_NGM,15,340.60076872066514,3
M9_N2_NGM,15,243.60917304929507,3
M9_N2_NGM,15,348.9182665601262,3
M9_N2_NGM,15,364.1706621480056,3
M9_N2_NGM,15,369.31200666241807,3
M9_N2_NGM,15,248.01691721111774,3
M9_N2_NGM,15,334.34839304397593,3
M9_N2_NGM,16,209.15825177763674,3
M9_N2_NGM,16,331.1122366463584,3
M9_N2_NGM,16,346.78279386266547,3
M9_N2_NGM,16,452.26038237731564,3
M9_N2_NGM,16,311.4765307968392,3
M9_N2_NGM,16,370.12516729858896,3
M9_N2_NGM,16,359.8430793140306,3
M9_N2_NGM,16,371.6458611859901,3
M9_N2_NGM,16,459.66239586395807,3
M9_N2_NGM,16,335.03550806069927,3
M9_N2_NGM,16,379.4760105906731,3
M9_N2_NGM,17,304.3499505627436,3
M9_N2_NGM,17,329.54671434478456,3
M9_N2_NGM,17,346.06988684475135,3
M9_N2_NGM,17,320.15693742529254,3
M9_N2_NGM,18,324.1839570321662,3
M9_N2_NGM,18,269.0686031119885,3
M9_N2_NGM,18,264.9344936362424,3
M9_CB_BL21,1,243.89067881062664,3
M9_CB_BL21,1,219.82188983620276,3
M9_CB_BL21,1,248.88450704057095,3
M9_CB_BL21,1,245.65578074539562,3
M9_CB_BL21,1,266.4170525875768,3
M9_CB_BL21,1,253.20835129225216,3
M9_CB_BL21,1,278.31618417010685,3
M9_CB_BL21,1,310.67292474540125,3
M9_CB_BL21,1,300.390109100748,3
M9_CB_BL21,1,272.446106306896,3
M9_CB_BL21,1,257.15408591992366,3
M9_CB_BL21,1,278.33253181877154,3
M9_CB_BL21,2,301.33612781020094,3
M9_CB_BL21,2,210.62170479042788,3
M9_CB_BL21,2,311.62754211693624,3
M9_CB_BL21,2,200.78378703157392,3
M9_CB_BL21,2,203.51292007685444,3
M9_CB_BL21,2,338.9164696740146,3
M9_CB_BL21,2,234.12294864521013,3
M9_CB_BL21,2,276.7928358289226,3
M9_CB_BL21,2,190.38956548861321,3
M9_CB_BL21,2,184.0560557911079,3
M9_CB_BL21,2,208.8955878053535,3
M9_CB_BL21,2,169.3652751673609,3
M9_CB_BL21,3,250.07164711216245,3
M9_CB_BL21,3,292.7011240654903,3
M9_CB_BL21,3,282.9080269456857,3
M9_CB_BL21,3,214.00990094252583,3
M9_CB_BL21,3,192.764978117568,3
M9_CB_BL21,3,266.72080666940894,3
M9_CB_BL21,4,183.8358838541614,3
M9_CB_BL21,4,185.36488570990042,3
M9_CB_BL21,4,169.0165933354187,3
M9_CB_BL21,4,260.871517061543,3
M9_CB_BL21,4,226.3814700018204,3
M9_CB_BL21,4,201.36353166066928,3
M9_CB_BL21,4,119.84544048691086,3
M9_CB_BL21,4,162.75925186221605,3
M9_CB_BL21,4,145.53532134762162,3
M9_CB_BL21,4,84.14593187408808,3
M9_CB_BL21,4,169.28504160835777,3
M9_CB_BL21,4,143.2737483659342,3
M9_CB_BL21,5,254.49760908619342,3
M9_CB_BL21,5,285.43152717514846,3
M9_CB_BL21,5,265.42546734530913,3
M9_CB_BL21,5,253.17980891401652,3
M9_CB_BL21,7,309.2544854946355,3
M9_CB_BL21,7,278.79355439611743,3
M9_CB_BL21,7,297.2548081074022,3
M9_CB_BL21,7,275.60992222704516,3
M9_CB_BL21,7,258.41586749268924,3
M9_CB_BL21,8,184.25681900388193,3
M9_CB_BL21,8,233.95004806604493,3
M9_CB_BL21,8,256.0391486747538,3
M9_CB_BL21,8,249.4289268117289,3
M9_CB_BL21,8,188.07580351126765,3
M9_CB_BL21,8,175.68710563164595,3
M9_CB_BL21,8,224.06059912671427,3
M9_CB_BL21,8,218.07154519669584,3
M9_CB_BL21,10,124.80812915268791,3
M9_CB_BL21,10,198.9121155534445,3
M9_CB_BL21,10,182.41464292999862,3
M9_CB_BL21,10,244.23584765364225,3
M9_CB_BL21,10,238.6479360856461,3
M9_CB_BL21,10,140.34986213154815,3
M9_CB_BL21,10,283.9635787409075,3
M9_CB_BL21,10,216.7412596511609,3
M9_CB_BL21,10,197.86907473146107,3
M9_CB_BL21,10,93.01977644698555,3
M9_CB_BL21,10,58.59200343423235,3
M9_CB_BL21,11,64.61433581558374,3
M9_CB_BL21,11,78.2020233426841,3
M9_CB_BL21,11,163.8416606076536,3
M9_CB_BL21,11,90.600384241299,3
M9_CB_BL21,11,59.11388971203819,3
M9_CB_BL21,11,97.60244627764429,3
M9_CB_BL21,11,74.1011593134051,3
M9_CB_BL21,11,92.10309357015673,3
M9_CB_BL21,11,138.13891911982813,3
M9_CB_BL21,11,112.73396209762977,3
M9_CB_BL21,11,165.62378815350556,3
M9_CB_BL21,12,246.2352808008151,3
M9_CB_BL21,12,201.30942814692645,3
M9_CB_BL21,13,166.29192172196548,3
M9_CB_BL21,13,238.88392520946655,3
M9_CB_BL21,13,174.2293644146272,3
M9_CB_BL21,13,218.00782053412414,3
M9_CB_BL21,13,240.20004434803232,3
M9_CB_BL21,13,170.2716804291496,3
M9_CB_BL21,13,231.4969791855358,3
M9_CB_BL21,13,257.29161464779406,3
M9_CB_BL21,13,173.29393661836656,3
M9_CB_BL21,13,229.76673100657882,3
M9_CB_BL21,13,208.8156764999273,3
M9_CB_BL21,14,149.48038874837968,3
M9_CB_BL21,14,138.72372601256728,3
M9_CB_BL21,14,103.86266581562855,3
M9_CB_BL21,14,100.72810153086814,3
M9_CB_BL21,14,77.2924330985973,3
M9_CB_BL21,14,92.1292853380694,3
M9_CB_BL21,14,88.91813172288565,3
M9_CB_BL21,14,88.31351640424501,3
M9_CB_BL21,14,202.87619206646286,3
M9_CB_BL21,14,188.11862238646077,3
M9_CB_BL21,14,158.49144523644821,3
M9_CB_BL21,15,232.7270191396457,3
M9_CB_BL21,15,196.60600932120298,3
M9_CB_BL21,15,168.27131257725222,3
M9_CB_BL21,15,181.36954275204386,3
M9_CB_BL21,15,206.06880171622802,3
M9_CB_BL21,15,175.56653576258267,3
M9_CB_BL21,15,231.66330063527903,3
M9_CB_BL21,15,204.7784483277023,3
M9_CB_BL21,15,217.59425034685802,3
M9_CB_BL21,16,182.82489799861773,3
M9_CB_NGM,1,360.30263481733425,3
M9_CB_NGM,1,263.863665387094,3
M9_CB_NGM,1,311.91069710374364,3
M9_CB_NGM,1,303.12697256911116,3
M9_CB_NGM,2,381.20299591404114,3
M9_CB_NGM,2,332.61967582886535,3
M9_CB_NGM,2,226.7310985343528,3
M9_CB_NGM,2,283.14320975691516,3
M9_CB_NGM,2,277.4059411932875,3
M9_CB_NGM,2,312.565744980681,3
M9_CB_NGM,2,351.713681546292,3
M9_CB_NGM,2,382.80169424370206,3
M9_CB_NGM,2,343.22745691618246,3
M9_CB_NGM,2,273.20729786070166,3
M9_CB_NGM,2,151.371898429459,3
M9_CB_NGM,3,290.55762037814253,3
M9_CB_NGM,3,254.30437011756618,3
M9_CB_NGM,3,241.04573971238761,3
M9_CB_NGM,3,223.59435435809564,3
M9_CB_NGM,3,254.09701201481033,3
M9_CB_NGM,3,266.06801642062715,3
M9_CB_NGM,3,190.8305356318898,3
M9_CB_NGM,3,211.2512413640198,3
M9_CB_NGM,4,272.1045434518834,3
M9_CB_NGM,4,397.73218588743396,3
M9_CB_NGM,4,320.17377153188556,3
M9_CB_NGM,4,371.88283411974976,3
M9_CB_NGM,4,289.98146796742674,3
M9_CB_NGM,4,281.82671673617654,3
M9_CB_NGM,4,304.0427390518133,3
M9_CB_NGM,4,368.00089989752246,3
M9_CB_NGM,4,216.85905616624237,3
M9_CB_NGM,5,265.408629808045,3
M9_CB_NGM,5,136.27890279343606,3
M9_CB_NGM,5,238.9404014927708,3
M9_CB_NGM,5,197.27235543327694,3
M9_CB_NGM,5,201.2011123234764,3
M9_CB_NGM,5,228.80412123291794,3
M9_CB_NGM,5,220.8963975106514,3
M9_CB_NGM,5,117.95098079691994,3
M9_CB_NGM,5,237.54248753606038,3
M9_CB_NGM,6,142.0308743950915,3
M9_CB_NGM,6,230.8587000352254,3
M9_CB_NGM,6,242.83248842386266,3
M9_CB_NGM,7,328.01565642959883,3
M9_CB_NGM,7,294.4196200570283,3
M9_CB_NGM,7,277.67657203803344,3
M9_CB_NGM,7,298.36081823116774,3
M9_CB_NGM,7,221.91311914166522,3
M9_CB_NGM,7,204.52712775439497,3
M9_CB_NGM,7,130.5237523130611,3
M9_CB_NGM,7,215.90538626261736,3
M9_CB_NGM,8,244.47230600401326,3
M9_CB_NGM,8,281.5156431038348,3
M9_CB_NGM,8,327.0938673904526,3
M9_CB_NGM,8,233.30756613773286,3
M9_CB_NGM,8,143.7390981914321,3
M9_CB_NGM,8,158.9477282584566,3
M9_CB_NGM,8,189.02292190221715,3
M9_CB_NGM,8,205.4310382801695,3
M9_CB_NGM,8,217.05703642956627,3
M9_CB_NGM,8,145.68763259682584,3
M9_CB_NGM,9,306.7557364230991,3
M9_CB_NGM,9,299.00186973583686,3
M9_CB_NGM,9,231.57466978775332,3
M9_CB_NGM,9,255.6519548741046,3
M9_CB_NGM,9,288.08184700788286,3
M9_CB_NGM,9,263.80569090651596,3
M9_CB_NGM,9,245.14172436033056,3
M9_CB_NGM,10,283.0320977162884,3
M9_CB_NGM,10,340.40428527197486,3
M9_CB_NGM,11,301.9554818284206,3
M9_CB_NGM,11,238.39088975178484,3
M9_CB_NGM,14,285.80872627828893,3
M9_CB_NGM,14,295.99902777356846,3
M9_CB_NGM,14,247.64916144025597,3
M9_CB_NGM,14,259.84213813113763,3
M9_CB_NGM,14,297.7077798461381,3
M9_CB_NGM,14,206.3980915100799,3
M9_CB_NGM,16,374.19272893400995,3
M9_CB_NGM,20,321.33923001129466,3
M9_CB_NGM,23,168.7848729157539,3
M9_CB_NGM,24,331.7852544155296,3
M9_CB_NGM,24,288.96069271614977,3
M9_CB_NGM,24,289.6883529311787,3
M9_CB_NGM,24,264.26505782967627,3
M9_CB_NGM,24,230.64427342533253,3
M9_CB_NGM,24,279.3749371280231,3
M9_CB_NGM,24,198.41008886180376,3
M9_CB_NGM,24,259.88314369630433,3
M9_CB_NGM,24,326.123454333631,3
M9_CB_NGM,24,302.32836920047674,3
M9_CB_NGM,24,264.56133442009104,3
M9_CB_NGM,25,252.8903304569164,3
M9_CB_NGM,25,292.8926915858283,3
M9_CB_NGM,25,309.612736543473,3
M9_CB_NGM,25,256.7345475532516,3
M9_CB_NGM,25,165.1542606901308,3
M9_CB_NGM,25,166.01344469195027,3
M9_CB_NGM,25,175.12128613430593,3
M9_CB_NGM,25,177.14866735569973,3
M9_CB_NGM,25,119.7351832536385,3
M9_CB_NGM,25,142.44514898124802,3
M9_CB_NGM,25,183.57720123456255,3
M9_CB_NGM,25,220.01324025773965,3
M9_CB_NGM,26,148.1801053627452,3
M9_CB_NGM,26,296.2725633413569,3
M9_CB_NGM,26,232.31547544955316,3
M9_CB_NGM,26,292.4029917867409,3
M9_CB_NGM,26,337.25597034608757,3
M9_CB_NGM,26,275.96396643399277,3
M9_CB_NGM,26,282.0017020785343,3
M9_CB_NGM,26,235.86006591630775,3
M9_CB_NGM,26,230.0666487620071,3
M9_CB_NGM,26,83.29193550871238,3
M9_CB_NGM,26,205.7374867144947,3
M9_CB_NGM,26,191.23494674626068,3
M9_CB_NGM,28,201.01844960934142,3
M9_CB_NGM,28,219.92147392041906,3
M9_CB_NGM,28,168.36973484775956,3
M9_MT_BL21,1,307.717502766264,3
M9_MT_BL21,1,281.1033887583097,3
M9_MT_BL21,1,117.26078497245658,3
M9_MT_BL21,1,80.04868077022746,3
M9_MT_BL21,1,77.51687405607069,3
M9_MT_BL21,1,67.0019783688622,3
M9_MT_BL21,1,78.05113742206942,3
M9_MT_BL21,1,134.35805618523983,3
M9_MT_BL21,1,174.43555536533125,3
M9_MT_BL21,1,275.6266349656436,3
M9_MT_BL21,1,115.73732592525116,3
M9_MT_BL21,2,257.87754689452885,3
M9_MT_BL21,2,257.5818089735433,3
M9_MT_BL21,2,273.0889690458364,3
M9_MT_BL21,2,298.8767610454187,3
M9_MT_BL21,2,214.55029834336892,3
M9_MT_BL21,2,231.69134968712788,3
M9_MT_BL21,2,222.46585245487668,3
M9_MT_BL21,2,218.95201029660734,3
M9_MT_BL21,2,337.9773678890485,3
M9_MT_BL21,2,286.5829892336478,3
M9_MT_BL21,2,158.4028911105109,3
M9_MT_BL21,3,202.9088792810665,3
M9_MT_BL21,3,196.06824739522457,3
M9_MT_BL21,3,175.68617238503762,3
M9_MT_BL21,3,146.7471489445888,3
M9_MT_BL21,3,121.33168698254897,3
M9_MT_BL21,4,225.10168219866438,3
M9_MT_BL21,4,241.1730283456496,3
M9_MT_BL21,5,246.9766956487566,3
M9_MT_BL21,5,237.22305133401284,3
M9_MT_BL21,5,304.8390281513988,3
M9_MT_BL21,5,223.83526892553695,3
M9_MT_BL21,5,270.07342177054824,3
M9_MT_BL21,6,285.50037366411806,3
M9_MT_BL21,6,312.15638882924543,3
M9_MT_BL21,6,200.3147028956982,3
M9_MT_BL21,6,231.0807439001166,3
M9_MT_BL21,6,235.06285433657268,3
M9_MT_BL21,8,85.43987431567352,3
M9_MT_BL21,8,188.8828737221377,3
M9_MT_BL21,8,97.23790039159914,3
M9_MT_BL21,8,74.01286013896808,3
M9_MT_BL21,8,72.99964472534934,3
M9_MT_BL21,8,94.9405506187038,3
M9_MT_BL21,8,115.40977631505302,3
M9_MT_BL21,8,98.01448276939553,3
M9_MT_BL21,8,168.87948198803917,3
M9_MT_BL21,8,198.20174898274257,3
M9_MT_BL21,8,171.39224495224167,3
M9_MT_BL21,9,109.62702365588189,3
M9_MT_BL21,9,99.79346776824883,3
M9_MT_BL21,9,143.2038111181702,3
M9_MT_BL21,9,183.47048389568417,3
M9_MT_BL21,9,186.75914324533952,3
M9_MT_BL21,9,201.89835170071154,3
M9_MT_BL21,9,209.64029474399985,3
M9_MT_BL21,9,163.31241695691764,3
M9_MT_BL21,9,163.83858099690602,3
M9_MT_BL21,9,151.25162820107954,3
M9_MT_BL21,9,97.17553454603771,3
M9_MT_BL21,10,203.27234684204132,3
M9_MT_BL21,10,295.9421151987343,3
M9_MT_BL21,10,304.68627462008396,3
M9_MT_BL21,10,188.82118715373394,3
M9_MT_BL21,10,179.7032796171439,3
M9_MT_BL21,10,357.51340099541886,3
M9_MT_BL21,10,261.06615546910837,3
M9_MT_BL21,10,146.4649413474511,3
M9_MT_BL21,10,196.63520465440862,3
M9_MT_BL21,10,210.4739082936714,3
M9_MT_BL21,10,270.96160346216936,3
M9_MT_BL21,11,167.8523319436879,3
M9_MT_BL21,11,283.4509206008492,3
M9_MT_BL21,11,189.7436294371599,3
M9_MT_BL21,11,115.48791182548473,3
M9_MT_BL21,11,126.03952781745298,3
M9_MT_BL21,11,170.32836552179143,3
M9_MT_BL21,11,169.34642280189894,3
M9_MT_BL21,11,229.6336820001316,3
M9_MT_BL21,11,183.67039260962366,3
M9_MT_BL21,11,146.2705751917178,3
M9_MT_BL21,11,166.63736189892285,3
M9_MT_BL21,12,157.55873241997182,3
M9_MT_BL21,12,183.33957626015217,3
M9_MT_BL21,13,191.28016266231492,3
M9_MT_BL21,13,298.2816147364227,3
M9_MT_BL21,14,270.74566841900827,3
M9_MT_BL21,14,259.66719189008194,3
M9_MT_BL21,14,362.3022142245838,3
M9_MT_BL21,14,239.6493478199434,3
M9_MT_BL21,16,232.07968708327923,3
M9_MT_BL21,16,166.04995975858202,3
M9_MT_BL21,16,159.88402846096793,3
M9_MT_BL21,16,174.19430881217914,3
M9_MT_BL21,17,244.05447090527952,3
M9_MT_BL21,17,265.9534455216632,3
M9_MT_BL21,17,187.0065428273525,3
M9_MT_BL21,17,127.64268314005236,3
M9_MT_BL21,17,155.120735902551,3
M9_MT_BL21,17,118.56374524390833,3
M9_MT_BL21,17,221.49456295770605,3
M9_MT_BL21,17,150.95679537526368,3
M9_MT_BL21,17,198.8641641396351,3
M9_MT_BL21,17,167.88644680534588,3
M9_MT_BL21,17,162.24302719203925,3
M9_MT_NGM,1,317.7982086166106,3
M9_MT_NGM,1,263.40093396776126,3
M9_MT_NGM,1,297.72648858732,3
M9_MT_NGM,1,317.6108571201895,3
M9_MT_NGM,1,296.7952898324689,3
M9_MT_NGM,1,286.18799224530346,3
M9_MT_NGM,1,204.91395722873284,3
M9_MT_NGM,1,324.06080006114587,3
M9_MT_NGM,1,313.3239424886777,3
M9_MT_NGM,1,304.16911034354587,3
M9_MT_NGM,1,300.97408279570755,3
M9_MT_NGM,2,214.44802954784285,3
M9_MT_NGM,2,182.6982108219469,3
M9_MT_NGM,2,377.9482653952775,3
M9_MT_NGM,2,380.9766734554857,3
M9_MT_NGM,2,288.52223757132424,3
M9_MT_NGM,2,372.68448578704755,3
M9_MT_NGM,2,356.55145367365225,3
M9_MT_NGM,2,344.1139123316217,3
M9_MT_NGM,2,382.9300907350521,3
M9_MT_NGM,2,400.4801498685489,3
M9_MT_NGM,2,405.6620556533335,3
M9_MT_NGM,3,261.9242337497941,3
M9_MT_NGM,3,164.24552995610657,3
M9_MT_NGM,3,216.81305969934297,3
M9_MT_NGM,3,286.86140582797964,3
M9_MT_NGM,3,308.35429417575887,3
M9_MT_NGM,3,248.80913928354744,3
M9_MT_NGM,3,303.91470931923584,3
M9_MT_NGM,3,301.9635151530915,3
M9_MT_NGM,3,270.4255423492118,3
M9_MT_NGM,3,231.7984412209334,3
M9_MT_NGM,3,246.35790917124922,3
M9_MT_NGM,4,333.5863071993484,3
M9_MT_NGM,4,316.08260078688795,3
M9_MT_NGM,4,371.26489801955046,3
M9_MT_NGM,4,334.5676877370938,3
M9_MT_NGM,4,379.6379626136637,3
M9_MT_NGM,4,359.24883808377376,3
M9_MT_NGM,4,349.6790928137285,3
M9_MT_NGM,5,115.67806565749363,3
M9_MT_NGM,5,246.29726056008616,3
M9_MT_NGM,5,146.76870314314843,3
M9_MT_NGM,5,130.45781923781544,3
M9_MT_NGM,5,144.06179474488542,3
M9_MT_NGM,5,141.72883468250652,3
M9_MT_NGM,5,145.17484172608084,3
M9_MT_NGM,5,308.20973632058156,3
M9_MT_NGM,5,208.20668814784685,3
M9_MT_NGM,5,224.1151057546358,3
M9_MT_NGM,5,174.4530727695556,3
M9_MT_NGM,7,132.1418214722051,3
M9_MT_NGM,7,142.87725458825466,3
M9_MT_NGM,7,202.84522860918622,3
M9_MT_NGM,7,200.6740048492713,3
M9_MT_NGM,7,165.7805462093845,3
M9_MT_NGM,7,196.32420742249107,3
M9_MT_NGM,7,154.40740355282526,3
M9_MT_NGM,7,254.95606443586797,3
M9_MT_NGM,7,208.1932651368467,3
M9_MT_NGM,7,114.0829594346103,3
M9_MT_NGM,7,140.1341505108344,3
M9_MT_NGM,8,75.65163972500406,3
M9_MT_NGM,8,135.58821243542198,3
M9_MT_NGM,8,144.10395735756688,3
M9_MT_NGM,8,114.37777370602146,3
M9_MT_NGM,8,127.32864961968077,3
M9_MT_NGM,8,296.40949446456625,3
M9_MT_NGM,8,241.3644968518692,3
M9_MT_NGM,8,251.48903635757878,3
M9_MT_NGM,8,229.39670507611618,3
M9_MT_NGM,8,223.75439071511232,3
M9_MT_NGM,8,233.31014590431695,3
M9_MT_NGM,9,130.989489595485,3
M9_MT_NGM,9,138.13258955979632,3
M9_MT_NGM,9,130.0905311644937,3
M9_MT_NGM,9,188.78818669393215,3
M9_MT_NGM,9,141.90310506103683,3
M9_MT_NGM,9,159.26995296213104,3
M9_MT_NGM,9,158.38168980167825,3
M9_MT_NGM,9,117.91941588027791,3
M9_MT_NGM,9,174.70194214292962,3
M9_MT_NGM,9,172.97601955569343,3
M9_MT_NGM,10,143.16456598115954,3
M9_MT_NGM,10,92.25097805567718,3
M9_MT_NGM,10,148.01732767892761,3
M9_MT_NGM,11,338.5571217958806,3
M9_MT_NGM,11,306.95948279028624,3
M9_MT_NGM,11,276.70333014530087,3
M9_MT_NGM,11,221.95110255089267,3
M9_MT_NGM,11,193.16436546825963,3
M9_MT_NGM,11,323.56390832026443,3
M9_MT_NGM,11,223.86603312674487,3
M9_MT_NGM,11,206.22842519682885,3
M9_MT_NGM,11,147.8306239774362,3
M9_MT_NGM,11,132.55826740071677,3
M9_MT_NGM,11,218.9041720120959,3
M9_MT_NGM,12,333.6657624888476,3
M9_MT_NGM,12,342.4274488050379,3
M9_MT_NGM,12,300.1531185376842,3
M9_MT_NGM,12,299.6124437409968,3
M9_MT_NGM,12,349.7838852328689,3
M9_MT_NGM,12,265.70821098969697,3
M9_MT_NGM,12,301.52583578588354,3
M9_MT_NGM,12,229.6891034853142,3
M9_MT_NGM,12,359.70281514247193,3
M9_MT_NGM,12,311.74003138417856,3
M9_MT_NGM,12,276.74845849292063,3
